segment_id,frame,speed,date,DayInWeek
68859,20,23.875411008261977,2016-12-30,6
68859,21,24.6711469523112,2016-12-30,6
68859,22,24.477835815429685,2016-12-30,6
68859,23,23.49872237711591,2016-12-30,6
68859,24,23.022999056550184,2016-12-30,6
68859,25,13.718474054253228,2016-12-30,6
68859,26,23.206677831982017,2016-12-30,6
68859,27,34.3557635911662,2016-12-30,6
68859,28,31.850335499705608,2016-12-30,6
68859,29,38.374586530383326,2016-12-30,6
68859,30,34.90123696058406,2016-12-30,6
68859,31,33.63271027433665,2016-12-30,6
68859,32,44.761350169142176,2016-12-30,6
68859,33,38.96444788619336,2016-12-30,6
68859,34,35.8540664397656,2016-12-30,6
68859,35,40.44698741972243,2016-12-30,6
68859,36,35.27687039346926,2016-12-30,6
68859,37,43.89769861794758,2016-12-30,6
68859,38,38.702,2016-12-30,6
68859,39,43.39210140986261,2016-12-30,6
68859,40,40.30440889741977,2016-12-30,6
68859,41,42.69790491081704,2016-12-30,6
68859,42,35.62007974357907,2016-12-30,6
68859,43,25.4865,2016-12-30,6
68859,44,35.87370341007052,2016-12-30,6
68859,45,33.132543946029806,2016-12-30,6
68859,46,13.47206399536133,2016-12-30,6
68859,47,34.523134919909445,2016-12-30,6
68859,48,39.82990012685059,2016-12-30,6
68859,49,39.19274774686348,2016-12-30,6
68859,50,47.386690405119964,2016-12-30,6
68859,51,31.601525021103072,2016-12-30,6
68859,52,36.00141981851111,2016-12-30,6
68859,53,29.300068885183116,2016-12-30,6
68859,54,43.05358850380921,2016-12-30,6
68859,55,36.428697576402335,2016-12-30,6
68859,56,45.38767365215239,2016-12-30,6
68859,57,38.88487681988798,2016-12-30,6
68859,58,42.20954880464498,2016-12-30,6
68859,59,33.56862763727945,2016-12-30,6
68859,60,21.63244196681959,2016-12-30,6
68859,61,43.92993105746751,2016-12-30,6
68859,62,40.77457101011031,2016-12-30,6
68859,63,35.41757240239108,2016-12-30,6
68859,64,45.518642643131656,2016-12-30,6
68859,65,40.65720361215232,2016-12-30,6
68859,66,41.50863797546252,2016-12-30,6
68859,67,42.30516034821261,2016-12-30,6
68859,68,31.19701993050771,2016-12-30,6
68859,69,39.600525703163626,2016-12-30,6
68859,70,18.61050140320873,2016-12-30,6
68859,71,27.154196830664038,2016-12-30,6
68859,72,27.416857775780223,2016-12-30,6
68859,73,22.82409725222826,2016-12-30,6
68859,74,30.394015282451754,2016-12-30,6
68859,75,53.0,2016-12-30,6
68859,76,38.6856621056361,2016-12-30,6
68859,77,35.16216305371861,2016-12-30,6
68859,78,34.67778721374355,2016-12-30,6
68859,79,32.56204672822308,2016-12-30,6
68859,80,40.04069864916647,2016-12-30,6
