segment_id,frame,speed,date,DayInWeek
68859,20,34.38194623499925,2016-12-10,7
68859,21,29.703504406580365,2016-12-10,7
68859,22,26.032985464538836,2016-12-10,7
68859,23,32.41628173814607,2016-12-10,7
68859,24,22.586386916099293,2016-12-10,7
68859,25,22.816283809126674,2016-12-10,7
68859,26,14.27627045354075,2016-12-10,7
68859,27,32.9348633038957,2016-12-10,7
68859,28,46.08660767636519,2016-12-10,7
68859,29,43.07079366598414,2016-12-10,7
68859,30,36.43274412188584,2016-12-10,7
68859,31,39.17453332425507,2016-12-10,7
68859,32,41.69127037341518,2016-12-10,7
68859,33,36.437686829870124,2016-12-10,7
68859,34,34.50895537194783,2016-12-10,7
68859,35,27.4135762990366,2016-12-10,7
68859,36,32.106375419338846,2016-12-10,7
68859,37,41.045937916264464,2016-12-10,7
68859,38,39.17544574978723,2016-12-10,7
68859,39,21.0105,2016-12-10,7
68859,40,39.864,2016-12-10,7
68859,41,35.82095266407208,2016-12-10,7
68859,42,40.14587953502733,2016-12-10,7
68859,43,32.33946077002361,2016-12-10,7
68859,44,43.70066242204678,2016-12-10,7
68859,45,35.890738244169285,2016-12-10,7
68859,46,44.4017937422429,2016-12-10,7
68859,47,35.328552355439555,2016-12-10,7
68859,48,38.86348208412527,2016-12-10,7
68859,49,42.562569568515016,2016-12-10,7
68859,50,45.22634812772344,2016-12-10,7
68859,51,42.83897046496854,2016-12-10,7
68859,52,40.27534216774174,2016-12-10,7
68859,53,33.40922498402722,2016-12-10,7
68859,54,43.395384984725226,2016-12-10,7
68859,55,36.99135597760302,2016-12-10,7
68859,56,41.64310543645983,2016-12-10,7
68859,57,40.89294896952151,2016-12-10,7
68859,58,38.57805074359763,2016-12-10,7
68859,59,36.85229149489409,2016-12-10,7
68859,60,39.6532528448581,2016-12-10,7
68859,61,39.016511112396564,2016-12-10,7
68859,62,43.675,2016-12-10,7
68859,63,29.69356765416905,2016-12-10,7
68859,64,44.124964443059554,2016-12-10,7
68859,65,42.502904371538186,2016-12-10,7
68859,66,32.255152276562086,2016-12-10,7
68859,67,39.28295994492202,2016-12-10,7
68859,68,36.77332173544947,2016-12-10,7
68859,69,39.24880544663387,2016-12-10,7
68859,70,39.54630641804092,2016-12-10,7
68859,71,39.22351572932923,2016-12-10,7
68859,72,33.87810370553038,2016-12-10,7
68859,73,43.82278657449818,2016-12-10,7
68859,74,21.07788134055874,2016-12-10,7
68859,75,39.0,2016-12-10,7
68859,76,36.88332127296449,2016-12-10,7
68859,77,30.48477793970386,2016-12-10,7
68859,78,43.666666666666664,2016-12-10,7
68859,79,33.71874747308639,2016-12-10,7
68859,80,34.5,2016-12-10,7
