segment_id,frame,speed,date,DayInWeek
68859,20,33.42552109452554,2016-12-28,4
68859,21,46.35369547416558,2016-12-28,4
68859,22,23.21571725693431,2016-12-28,4
68859,23,37.27044670352281,2016-12-28,4
68859,24,31.590267919316627,2016-12-28,4
68859,25,37.824583145837906,2016-12-28,4
68859,26,40.789411636820276,2016-12-28,4
68859,27,35.1740409037906,2016-12-28,4
68859,28,39.93964046167705,2016-12-28,4
68859,29,39.0,2016-12-28,4
68859,30,36.42642597198893,2016-12-28,4
68859,31,33.562810485245386,2016-12-28,4
68859,32,37.16995681231592,2016-12-28,4
68859,33,38.80911687835648,2016-12-28,4
68859,34,52.0225897319188,2016-12-28,4
68859,35,33.666666666666664,2016-12-28,4
68859,36,38.81075,2016-12-28,4
68859,37,38.67490906157757,2016-12-28,4
68859,38,33.038358753533686,2016-12-28,4
68859,39,12.478792077502348,2016-12-28,4
68859,40,42.18869989826506,2016-12-28,4
68859,41,38.90713751308613,2016-12-28,4
68859,42,17.23951183370104,2016-12-28,4
68859,43,36.915949658299894,2016-12-28,4
68859,44,23.80230583518923,2016-12-28,4
68859,45,40.12739077274828,2016-12-28,4
68859,46,37.91038472372449,2016-12-28,4
68859,47,38.94653815888653,2016-12-28,4
68859,48,42.917,2016-12-28,4
68859,49,41.075,2016-12-28,4
68859,50,30.93587103124259,2016-12-28,4
68859,51,34.68162661158869,2016-12-28,4
68859,52,42.8788368677356,2016-12-28,4
68859,53,32.76612482702325,2016-12-28,4
68859,54,48.05625426773496,2016-12-28,4
68859,55,38.76338838274762,2016-12-28,4
68859,56,33.875741529256985,2016-12-28,4
68859,57,35.827215859832464,2016-12-28,4
68859,58,39.53174654486896,2016-12-28,4
68859,59,33.85358702601199,2016-12-28,4
68859,60,25.295144786814856,2016-12-28,4
68859,61,43.90244255224551,2016-12-28,4
68859,62,37.44587230882476,2016-12-28,4
68859,63,45.484546310016086,2016-12-28,4
68859,64,41.26754989606238,2016-12-28,4
68859,65,33.01397700132779,2016-12-28,4
68859,66,29.031382731052574,2016-12-28,4
68859,67,34.0,2016-12-28,4
68859,68,33.38413673835413,2016-12-28,4
68859,69,44.69082802411596,2016-12-28,4
68859,70,35.80805436920331,2016-12-28,4
68859,71,24.709126216903087,2016-12-28,4
68859,72,33.43328755754675,2016-12-28,4
68859,73,34.97006611471209,2016-12-28,4
68859,74,42.477978749805914,2016-12-28,4
68859,75,44.50603933355981,2016-12-28,4
68859,76,42.800703289886854,2016-12-28,4
68859,77,42.05595795750172,2016-12-28,4
68859,78,49.48430896236835,2016-12-28,4
68859,79,21.305898438312397,2016-12-28,4
68859,80,31.119642634132205,2016-12-28,4
