segment_id,frame,speed,date,DayInWeek
68859,20,36.76644300557942,2016-12-04,1
68859,21,37.819110066811774,2016-12-04,1
68859,22,39.1639976965793,2016-12-04,1
68859,23,30.760454968478296,2016-12-04,1
68859,24,49.30134453544459,2016-12-04,1
68859,25,41.54792524985634,2016-12-04,1
68859,26,41.220930150110746,2016-12-04,1
68859,27,35.34407194695324,2016-12-04,1
68859,28,41.71999374587267,2016-12-04,1
68859,29,42.32525561730779,2016-12-04,1
68859,30,40.44757418962549,2016-12-04,1
68859,31,34.919418464449805,2016-12-04,1
68859,32,42.07511190886589,2016-12-04,1
68859,33,39.511615199864885,2016-12-04,1
68859,34,40.83618449137548,2016-12-04,1
68859,35,34.16264472141969,2016-12-04,1
68859,36,38.50272107544111,2016-12-04,1
68859,37,37.96361934289423,2016-12-04,1
68859,38,37.9503047530924,2016-12-04,1
68859,39,28.068631266689135,2016-12-04,1
68859,40,39.42800918246387,2016-12-04,1
68859,41,40.325154580402156,2016-12-04,1
68859,42,39.59171046564107,2016-12-04,1
68859,43,30.735428347879264,2016-12-04,1
68859,44,40.55791023389637,2016-12-04,1
68859,45,42.199716902579596,2016-12-04,1
68859,46,36.38596364733061,2016-12-04,1
68859,47,44.45804105526294,2016-12-04,1
68859,48,39.53564122975274,2016-12-04,1
68859,49,43.24676877324592,2016-12-04,1
68859,50,39.76684165225738,2016-12-04,1
68859,51,37.90935251210005,2016-12-04,1
68859,52,24.8474052642374,2016-12-04,1
68859,53,36.97363414191247,2016-12-04,1
68859,54,46.16729331290423,2016-12-04,1
68859,55,45.25361808513229,2016-12-04,1
68859,56,36.9785727779173,2016-12-04,1
68859,57,40.275,2016-12-04,1
68859,58,33.32690283114524,2016-12-04,1
68859,59,37.22168062443813,2016-12-04,1
68859,60,48.841838880694695,2016-12-04,1
68859,61,33.77540118901138,2016-12-04,1
68859,62,45.302862221097456,2016-12-04,1
68859,63,44.68137508140454,2016-12-04,1
68859,64,42.81544184510827,2016-12-04,1
68859,65,42.16717532491504,2016-12-04,1
68859,66,39.525433649877726,2016-12-04,1
68859,67,42.036857970956234,2016-12-04,1
68859,68,42.32419384422342,2016-12-04,1
68859,69,38.36904971066393,2016-12-04,1
68859,70,31.66329954417238,2016-12-04,1
68859,71,37.53423732996227,2016-12-04,1
68859,72,37.81356981695829,2016-12-04,1
68859,73,37.92489500809874,2016-12-04,1
68859,74,34.14444876714073,2016-12-04,1
68859,75,39.442487648248914,2016-12-04,1
68859,76,14.399653604763905,2016-12-04,1
68859,77,46.07549321172232,2016-12-04,1
68859,78,36.385582039841694,2016-12-04,1
68859,79,34.27912106430562,2016-12-04,1
68859,80,40.41025358401127,2016-12-04,1
