segment_id,frame,speed,date,DayInWeek
68859,20,30.48435718069769,2016-12-01,5
68859,21,2.788642224993024,2016-12-01,5
68859,22,37.96506543840681,2016-12-01,5
68859,23,40.02216869222089,2016-12-01,5
68859,24,34.28647851295874,2016-12-01,5
68859,25,35.77521786471473,2016-12-01,5
68859,26,34.349343835168085,2016-12-01,5
68859,27,29.00987798609844,2016-12-01,5
68859,28,40.56003469862403,2016-12-01,5
68859,29,28.525421667293166,2016-12-01,5
68859,30,38.005972403475425,2016-12-01,5
68859,31,38.623227917945215,2016-12-01,5
68859,32,40.17872048677313,2016-12-01,5
68859,33,38.24570553250225,2016-12-01,5
68859,34,40.1744063698134,2016-12-01,5
68859,35,35.041050630828614,2016-12-01,5
68859,36,32.36660651622674,2016-12-01,5
68859,37,37.742000000000004,2016-12-01,5
68859,38,37.551623235482424,2016-12-01,5
68859,39,39.95,2016-12-01,5
68859,40,36.39908159340352,2016-12-01,5
68859,41,40.12447077840281,2016-12-01,5
68859,42,29.947442430994254,2016-12-01,5
68859,43,40.3298975407673,2016-12-01,5
68859,44,35.143249999999995,2016-12-01,5
68859,45,38.969520515257415,2016-12-01,5
68859,46,36.099606546863896,2016-12-01,5
68859,47,35.34331189606913,2016-12-01,5
68859,48,43.9651287529629,2016-12-01,5
68859,49,39.4110982484669,2016-12-01,5
68859,50,47.94113048078639,2016-12-01,5
68859,51,41.25,2016-12-01,5
68859,52,40.00554164958474,2016-12-01,5
68859,53,41.5,2016-12-01,5
68859,54,29.5,2016-12-01,5
68859,55,37.83983925904892,2016-12-01,5
68859,56,12.733766817505499,2016-12-01,5
68859,57,26.316444501866442,2016-12-01,5
68859,58,37.81520995908751,2016-12-01,5
68859,59,39.21353640958027,2016-12-01,5
68859,60,32.73450287453035,2016-12-01,5
68859,61,43.4769290555522,2016-12-01,5
68859,62,34.40797254183548,2016-12-01,5
68859,63,33.72056115087045,2016-12-01,5
68859,64,35.45818154609448,2016-12-01,5
68859,65,39.470679598378325,2016-12-01,5
68859,66,36.28950211234191,2016-12-01,5
68859,67,35.424334928791794,2016-12-01,5
68859,68,40.506565638531136,2016-12-01,5
68859,69,46.99706562680459,2016-12-01,5
68859,70,42.16258441317733,2016-12-01,5
68859,71,35.30373223168696,2016-12-01,5
68859,72,37.46062875155444,2016-12-01,5
68859,73,31.132289499491243,2016-12-01,5
68859,74,38.860344572251684,2016-12-01,5
68859,75,41.98063132714078,2016-12-01,5
68859,76,38.566970936557624,2016-12-01,5
68859,77,39.651866115843475,2016-12-01,5
68859,78,41.173698004741865,2016-12-01,5
68859,79,17.009145230099424,2016-12-01,5
68859,80,44.08239753428147,2016-12-01,5
