segment_id,frame,speed,date,DayInWeek
68859,20,39.37867971737458,2016-12-07,4
68859,21,20.48421281985002,2016-12-07,4
68859,22,33.71087143757491,2016-12-07,4
68859,23,22.123284971926974,2016-12-07,4
68859,24,39.40203568026698,2016-12-07,4
68859,25,39.92204160900775,2016-12-07,4
68859,26,33.53774195779779,2016-12-07,4
68859,27,31.578083938743944,2016-12-07,4
68859,28,37.526643921040936,2016-12-07,4
68859,29,38.204490763063596,2016-12-07,4
68859,30,39.9404990714506,2016-12-07,4
68859,31,34.92070359078451,2016-12-07,4
68859,32,40.94751357344934,2016-12-07,4
68859,33,33.8833986762823,2016-12-07,4
68859,34,35.190019072418366,2016-12-07,4
68859,35,35.92181825830852,2016-12-07,4
68859,36,40.921064547098474,2016-12-07,4
68859,37,29.44665860947713,2016-12-07,4
68859,38,40.432621971848484,2016-12-07,4
68859,39,39.381980893392765,2016-12-07,4
68859,40,39.18130516363122,2016-12-07,4
68859,41,32.97485193573266,2016-12-07,4
68859,42,38.31754576821788,2016-12-07,4
68859,43,33.95648063847966,2016-12-07,4
68859,44,38.92881535635597,2016-12-07,4
68859,45,33.39625465390441,2016-12-07,4
68859,46,37.562183771295736,2016-12-07,4
68859,47,38.00861493002124,2016-12-07,4
68859,48,36.25,2016-12-07,4
68859,49,37.591026091909626,2016-12-07,4
68859,50,32.35349113076502,2016-12-07,4
68859,51,47.00051540032626,2016-12-07,4
68859,52,30.730562211339613,2016-12-07,4
68859,53,35.53617881375721,2016-12-07,4
68859,54,36.135991530315636,2016-12-07,4
68859,55,41.705,2016-12-07,4
68859,56,42.59948857040999,2016-12-07,4
68859,57,40.425,2016-12-07,4
68859,58,44.75114594691868,2016-12-07,4
68859,59,38.797305331798185,2016-12-07,4
68859,60,43.19427888661381,2016-12-07,4
68859,61,35.73589915885347,2016-12-07,4
68859,62,44.44090895955323,2016-12-07,4
68859,63,38.82369049078548,2016-12-07,4
68859,64,37.97645313520506,2016-12-07,4
68859,65,33.179663250159464,2016-12-07,4
68859,66,37.33600791672188,2016-12-07,4
68859,67,31.986849564176143,2016-12-07,4
68859,68,28.12836311733919,2016-12-07,4
68859,69,43.9162162241062,2016-12-07,4
68859,70,41.025411436611606,2016-12-07,4
68859,71,40.632041434452084,2016-12-07,4
68859,72,40.40819041525607,2016-12-07,4
68859,73,34.03384502487636,2016-12-07,4
68859,74,29.46196873469396,2016-12-07,4
68859,75,32.94600868869838,2016-12-07,4
68859,76,40.13228523839524,2016-12-07,4
68859,77,34.06260263221352,2016-12-07,4
68859,78,28.42937168004459,2016-12-07,4
68859,79,25.873461766954378,2016-12-07,4
68859,80,40.2567245351757,2016-12-07,4
