segment_id,frame,speed,date,DayInWeek
68859,20,35.85481543387138,2016-12-18,1
68859,21,34.25,2016-12-18,1
68859,22,38.252466050358535,2016-12-18,1
68859,23,35.86315566440008,2016-12-18,1
68859,24,24.65693808066819,2016-12-18,1
68859,25,37.6654208605026,2016-12-18,1
68859,26,35.493847238080406,2016-12-18,1
68859,27,47.210043312904226,2016-12-18,1
68859,28,51.66179822087919,2016-12-18,1
68859,29,38.929438238102925,2016-12-18,1
68859,30,44.580937321468696,2016-12-18,1
68859,31,44.561725685838795,2016-12-18,1
68859,32,42.34659226937141,2016-12-18,1
68859,33,34.37249143154973,2016-12-18,1
68859,34,33.23550618160483,2016-12-18,1
68859,35,36.66633253951446,2016-12-18,1
68859,36,38.9125,2016-12-18,1
68859,37,36.160361102985554,2016-12-18,1
68859,38,42.492418918356336,2016-12-18,1
68859,39,36.48016923308792,2016-12-18,1
68859,40,34.80682930308511,2016-12-18,1
68859,41,45.5620171525255,2016-12-18,1
68859,42,42.80478521582633,2016-12-18,1
68859,43,44.65440600085423,2016-12-18,1
68859,44,35.65753168274546,2016-12-18,1
68859,45,48.46653341263864,2016-12-18,1
68859,46,42.44326485259305,2016-12-18,1
68859,47,52.50024308295913,2016-12-18,1
68859,48,40.44433857599578,2016-12-18,1
68859,49,37.54678563038824,2016-12-18,1
68859,50,36.06230751446516,2016-12-18,1
68859,51,45.39585692795761,2016-12-18,1
68859,52,51.90777095588015,2016-12-18,1
68859,53,58.93895881558613,2016-12-18,1
68859,54,46.57565755175247,2016-12-18,1
68859,55,43.064462502401,2016-12-18,1
68859,56,42.17416093554802,2016-12-18,1
68859,57,47.5,2016-12-18,1
68859,58,32.79006097943108,2016-12-18,1
68859,59,44.089154137201504,2016-12-18,1
68859,60,41.546999306125336,2016-12-18,1
68859,61,41.04575535884705,2016-12-18,1
68859,62,41.11021430244828,2016-12-18,1
68859,63,47.00909214296469,2016-12-18,1
68859,64,39.641955870545736,2016-12-18,1
68859,65,22.510666666666665,2016-12-18,1
68859,66,38.68799501601695,2016-12-18,1
68859,67,38.744383322201436,2016-12-18,1
68859,68,39.65249985877196,2016-12-18,1
68859,69,38.676431816997464,2016-12-18,1
68859,70,39.3080551576505,2016-12-18,1
68859,71,34.9511356493247,2016-12-18,1
68859,72,22.352465477610885,2016-12-18,1
68859,73,31.948309791760174,2016-12-18,1
68859,74,40.13234030412285,2016-12-18,1
68859,75,32.10927987939945,2016-12-18,1
68859,76,35.01297222689953,2016-12-18,1
68859,77,31.21170763298058,2016-12-18,1
68859,78,33.94601387526006,2016-12-18,1
68859,79,46.94052578308943,2016-12-18,1
68859,80,48.145039206143124,2016-12-18,1
