segment_id,frame,speed,date,DayInWeek
68859,20,19.252313654230214,2016-12-03,7
68859,21,41.689928540473005,2016-12-03,7
68859,22,35.261504050635814,2016-12-03,7
68859,23,33.87680021179385,2016-12-03,7
68859,24,38.53347017938074,2016-12-03,7
68859,25,36.197394082799065,2016-12-03,7
68859,26,37.86115211085027,2016-12-03,7
68859,27,32.37624608277745,2016-12-03,7
68859,28,29.08278374794379,2016-12-03,7
68859,29,34.963485236070284,2016-12-03,7
68859,30,33.57360102509378,2016-12-03,7
68859,31,37.19441830759217,2016-12-03,7
68859,32,36.990509445240136,2016-12-03,7
68859,33,41.03921560004435,2016-12-03,7
68859,34,33.60811961408513,2016-12-03,7
68859,35,35.87929029812931,2016-12-03,7
68859,36,39.381555111121706,2016-12-03,7
68859,37,40.2848795366213,2016-12-03,7
68859,38,40.60336932231693,2016-12-03,7
68859,39,34.38,2016-12-03,7
68859,40,32.006166666666665,2016-12-03,7
68859,41,19.60412651325366,2016-12-03,7
68859,42,24.473171115528135,2016-12-03,7
68859,43,30.019781019544173,2016-12-03,7
68859,44,21.96772286710835,2016-12-03,7
68859,45,35.2289611304665,2016-12-03,7
68859,46,39.41977991754361,2016-12-03,7
68859,47,40.81785081265719,2016-12-03,7
68859,48,41.441031755169284,2016-12-03,7
68859,49,22.123901946146514,2016-12-03,7
68859,50,26.402045578436713,2016-12-03,7
68859,51,16.443975480303326,2016-12-03,7
68859,52,38.13989039478326,2016-12-03,7
68859,53,40.585215137051065,2016-12-03,7
68859,54,36.80467692295615,2016-12-03,7
68859,55,36.34639241268468,2016-12-03,7
68859,56,38.24769583380725,2016-12-03,7
68859,57,36.03403604009461,2016-12-03,7
68859,58,31.52077963727473,2016-12-03,7
68859,59,28.262142789816934,2016-12-03,7
68859,60,38.629968423943026,2016-12-03,7
68859,61,46.159481325715056,2016-12-03,7
68859,62,40.24214125296274,2016-12-03,7
68859,63,40.39775626004125,2016-12-03,7
68859,64,45.986000000000004,2016-12-03,7
68859,65,39.02941964910394,2016-12-03,7
68859,66,30.733331309978965,2016-12-03,7
68859,67,34.091571257076694,2016-12-03,7
68859,68,41.304929220879345,2016-12-03,7
68859,69,27.551222045046103,2016-12-03,7
68859,70,35.05555559680189,2016-12-03,7
68859,71,35.778710152228754,2016-12-03,7
68859,72,18.1077880859375,2016-12-03,7
68859,73,36.19947464075343,2016-12-03,7
68859,74,20.5,2016-12-03,7
68859,75,33.31572925126528,2016-12-03,7
68859,76,30.697933905958458,2016-12-03,7
68859,77,43.021,2016-12-03,7
68859,78,38.253383745365625,2016-12-03,7
68859,79,44.0,2016-12-03,7
68859,80,46.838841254880506,2016-12-03,7
