segment_id,frame,speed,date,DayInWeek
68859,20,17.246709352563904,2016-12-08,5
68859,21,29.91721615140383,2016-12-08,5
68859,22,21.57272698741596,2016-12-08,5
68859,23,45.724730478535974,2016-12-08,5
68859,24,30.26372280719023,2016-12-08,5
68859,25,36.53574651890651,2016-12-08,5
68859,26,29.40481815554953,2016-12-08,5
68859,27,29.003795260980333,2016-12-08,5
68859,28,36.88550969348552,2016-12-08,5
68859,29,29.069285349820625,2016-12-08,5
68859,30,12.300920410156248,2016-12-08,5
68859,31,32.667020523066036,2016-12-08,5
68859,32,37.52600588756738,2016-12-08,5
68859,33,35.76440232133484,2016-12-08,5
68859,34,39.29368051443718,2016-12-08,5
68859,35,35.30169675781682,2016-12-08,5
68859,36,33.33677904664061,2016-12-08,5
68859,37,30.514104574045696,2016-12-08,5
68859,38,31.43448900291564,2016-12-08,5
68859,39,32.51942881565855,2016-12-08,5
68859,40,35.5375,2016-12-08,5
68859,41,43.078,2016-12-08,5
68859,42,38.90914475698412,2016-12-08,5
68859,43,23.90483762902054,2016-12-08,5
68859,44,28.0632988062115,2016-12-08,5
68859,45,32.46592587595439,2016-12-08,5
68859,46,36.19261567727196,2016-12-08,5
68859,47,36.541435592795125,2016-12-08,5
68859,48,43.0,2016-12-08,5
68859,49,32.339721669378946,2016-12-08,5
68859,50,47.24618676618964,2016-12-08,5
68859,51,42.334833333333336,2016-12-08,5
68859,52,41.88579342300282,2016-12-08,5
68859,53,40.134212209071606,2016-12-08,5
68859,54,33.404565932375114,2016-12-08,5
68859,55,37.18575,2016-12-08,5
68859,56,33.434179285417756,2016-12-08,5
68859,57,44.53255581006811,2016-12-08,5
68859,58,39.986810042371616,2016-12-08,5
68859,59,42.0374098502937,2016-12-08,5
68859,60,33.61649894535178,2016-12-08,5
68859,61,27.373180105935564,2016-12-08,5
68859,62,45.648052456479945,2016-12-08,5
68859,63,43.156,2016-12-08,5
68859,64,37.72373407757934,2016-12-08,5
68859,65,42.0,2016-12-08,5
68859,66,44.00108333333334,2016-12-08,5
68859,67,38.097171225528925,2016-12-08,5
68859,68,26.19110188669189,2016-12-08,5
68859,69,40.05575024655004,2016-12-08,5
68859,70,36.712689338191424,2016-12-08,5
68859,71,28.0,2016-12-08,5
68859,72,31.316415462765516,2016-12-08,5
68859,73,29.843545513416558,2016-12-08,5
68859,74,23.840570966785247,2016-12-08,5
68859,75,39.17053628409663,2016-12-08,5
68859,76,35.67562879729847,2016-12-08,5
68859,77,30.88986585010056,2016-12-08,5
68859,78,17.786727416184938,2016-12-08,5
68859,79,25.671372470140916,2016-12-08,5
68859,80,32.487660332713794,2016-12-08,5
