segment_id,frame,speed,date,DayInWeek
68859,20,31.729077206438127,2016-12-06,3
68859,21,41.75880265961389,2016-12-06,3
68859,22,25.434346903960506,2016-12-06,3
68859,23,47.83555236145172,2016-12-06,3
68859,24,37.90818397505322,2016-12-06,3
68859,25,30.052916554627224,2016-12-06,3
68859,26,41.16363724765392,2016-12-06,3
68859,27,29.80044955196805,2016-12-06,3
68859,28,40.86803565853305,2016-12-06,3
68859,29,36.13263579442618,2016-12-06,3
68859,30,40.89597221829459,2016-12-06,3
68859,31,38.85,2016-12-06,3
68859,32,42.04771768863125,2016-12-06,3
68859,33,40.87075860213905,2016-12-06,3
68859,34,31.943451602042437,2016-12-06,3
68859,35,42.60649667751805,2016-12-06,3
68859,36,44.241223188559616,2016-12-06,3
68859,37,41.72291797906052,2016-12-06,3
68859,38,38.96625,2016-12-06,3
68859,39,41.39207020331329,2016-12-06,3
68859,40,39.178204176160776,2016-12-06,3
68859,41,43.31670846003408,2016-12-06,3
68859,42,41.02952040870078,2016-12-06,3
68859,43,41.52106621117417,2016-12-06,3
68859,44,42.77594695455112,2016-12-06,3
68859,45,34.77376282730113,2016-12-06,3
68859,46,39.332061243528734,2016-12-06,3
68859,47,49.094902367977426,2016-12-06,3
68859,48,40.0,2016-12-06,3
68859,49,36.762154985033824,2016-12-06,3
68859,50,40.153910599386705,2016-12-06,3
68859,51,36.223661666443995,2016-12-06,3
68859,52,36.24893282106757,2016-12-06,3
68859,53,43.03284628437232,2016-12-06,3
68859,54,30.284386334142404,2016-12-06,3
68859,55,43.098341567352406,2016-12-06,3
68859,56,35.83354689528926,2016-12-06,3
68859,57,34.06057925207931,2016-12-06,3
68859,58,33.42256836221523,2016-12-06,3
68859,59,44.9496,2016-12-06,3
68859,60,32.502456214086116,2016-12-06,3
68859,61,32.17204536198152,2016-12-06,3
68859,62,36.010318864166436,2016-12-06,3
68859,63,36.182500000000005,2016-12-06,3
68859,64,27.003992549898605,2016-12-06,3
68859,65,35.676659323251315,2016-12-06,3
68859,66,34.48237768405293,2016-12-06,3
68859,67,45.775,2016-12-06,3
68859,68,39.45649926143827,2016-12-06,3
68859,69,37.59653771939567,2016-12-06,3
68859,70,39.457143184042394,2016-12-06,3
68859,71,32.846327742038454,2016-12-06,3
68859,72,21.500010942236973,2016-12-06,3
68859,73,11.395198867797852,2016-12-06,3
68859,74,40.88719622340661,2016-12-06,3
68859,75,38.0375,2016-12-06,3
68859,76,37.53369258894935,2016-12-06,3
68859,77,39.47414392705333,2016-12-06,3
68859,78,34.29337854426303,2016-12-06,3
68859,79,13.471916781704053,2016-12-06,3
68859,80,35.786643374287,2016-12-06,3
