segment_id,frame,speed,date,DayInWeek
68859,20,14.630724917457925,2016-12-24,7
68859,21,30.763645605333405,2016-12-24,7
68859,22,29.81267106942261,2016-12-24,7
68859,23,44.44057384359563,2016-12-24,7
68859,24,37.9590605757689,2016-12-24,7
68859,25,49.75,2016-12-24,7
68859,26,41.60914536437385,2016-12-24,7
68859,27,35.35964873844599,2016-12-24,7
68859,28,36.17042648744804,2016-12-24,7
68859,29,35.697872731230404,2016-12-24,7
68859,30,37.76665940656461,2016-12-24,7
68859,31,41.82426829856074,2016-12-24,7
68859,32,38.1042777936176,2016-12-24,7
68859,33,33.50313117042931,2016-12-24,7
68859,34,44.581087119393004,2016-12-24,7
68859,35,39.0375,2016-12-24,7
68859,36,40.69366666666667,2016-12-24,7
68859,37,37.7184877887603,2016-12-24,7
68859,38,41.58338842962805,2016-12-24,7
68859,39,36.57408992807205,2016-12-24,7
68859,40,48.296982405252336,2016-12-24,7
68859,41,36.02562299212164,2016-12-24,7
68859,42,38.586466558001334,2016-12-24,7
68859,43,34.426194268909796,2016-12-24,7
68859,44,33.77360240535458,2016-12-24,7
68859,45,33.3134552345703,2016-12-24,7
68859,46,37.13123680999517,2016-12-24,7
68859,47,38.363749999999996,2016-12-24,7
68859,48,41.70760424145618,2016-12-24,7
68859,49,46.44221552543241,2016-12-24,7
68859,50,34.59538817857998,2016-12-24,7
68859,51,50.4505,2016-12-24,7
68859,52,22.683333333333334,2016-12-24,7
68859,53,46.57829819783949,2016-12-24,7
68859,54,47.47063838627763,2016-12-24,7
68859,55,38.12453460914095,2016-12-24,7
68859,56,39.569934345154834,2016-12-24,7
68859,57,47.084,2016-12-24,7
68859,58,49.1625,2016-12-24,7
68859,59,25.82768844988557,2016-12-24,7
68859,60,40.3236161714629,2016-12-24,7
68859,61,50.0,2016-12-24,7
68859,62,51.68304370867007,2016-12-24,7
68859,63,48.71223636795171,2016-12-24,7
68859,64,44.54084132484995,2016-12-24,7
68859,65,50.04467661031099,2016-12-24,7
68859,66,44.67649648721318,2016-12-24,7
68859,67,52.0,2016-12-24,7
68859,68,39.2182763277324,2016-12-24,7
68859,69,40.35,2016-12-24,7
68859,70,40.788279879399454,2016-12-24,7
68859,71,40.3,2016-12-24,7
68859,72,35.504227393859296,2016-12-24,7
68859,73,40.762195919994795,2016-12-24,7
68859,74,40.85133865621878,2016-12-24,7
68859,75,39.878380922551834,2016-12-24,7
68859,76,35.9930450104528,2016-12-24,7
68859,77,29.0,2016-12-24,7
68859,78,39.5,2016-12-24,7
68859,79,38.219241093829865,2016-12-24,7
68859,80,35.42550817869191,2016-12-24,7
