segment_id,frame,speed,date,DayInWeek
68859,20,37.85956632781275,2016-12-05,2
68859,21,43.352401211859956,2016-12-05,2
68859,22,35.7190655612513,2016-12-05,2
68859,23,27.521269067809925,2016-12-05,2
68859,24,34.461578006677954,2016-12-05,2
68859,25,40.09807314250476,2016-12-05,2
68859,26,36.67359128185281,2016-12-05,2
68859,27,36.13062576832985,2016-12-05,2
68859,28,39.652848314034905,2016-12-05,2
68859,29,36.31025257823683,2016-12-05,2
68859,30,38.648211125949764,2016-12-05,2
68859,31,36.0491233772233,2016-12-05,2
68859,32,39.66347367536615,2016-12-05,2
68859,33,35.40200944553578,2016-12-05,2
68859,34,31.0,2016-12-05,2
68859,35,42.35274504148741,2016-12-05,2
68859,36,36.96440921955376,2016-12-05,2
68859,37,29.800940826665393,2016-12-05,2
68859,38,35.91573427803089,2016-12-05,2
68859,39,44.220184570768296,2016-12-05,2
68859,40,46.25,2016-12-05,2
68859,41,33.881194344596835,2016-12-05,2
68859,42,33.82413795140377,2016-12-05,2
68859,43,43.91283333333334,2016-12-05,2
68859,44,47.550000000000004,2016-12-05,2
68859,45,43.05136944341948,2016-12-05,2
68859,46,43.0,2016-12-05,2
68859,47,48.411223937767375,2016-12-05,2
68859,48,45.44786894017632,2016-12-05,2
68859,49,35.18015078958529,2016-12-05,2
68859,50,42.66947360451921,2016-12-05,2
68859,51,37.81568785652897,2016-12-05,2
68859,52,22.19605069591294,2016-12-05,2
68859,53,43.1305,2016-12-05,2
68859,54,34.53216728248203,2016-12-05,2
68859,55,40.75553339121086,2016-12-05,2
68859,56,28.501887615639298,2016-12-05,2
68859,57,30.313326519348966,2016-12-05,2
68859,58,37.243456080758605,2016-12-05,2
68859,59,46.13405901824425,2016-12-05,2
68859,60,36.745090304122854,2016-12-05,2
68859,61,41.36774747308638,2016-12-05,2
68859,62,35.84908511610415,2016-12-05,2
68859,63,37.18558790187808,2016-12-05,2
68859,64,36.7384753645092,2016-12-05,2
68859,65,43.187314678058144,2016-12-05,2
68859,66,41.011367505460754,2016-12-05,2
68859,67,41.34493245311446,2016-12-05,2
68859,68,35.201895516657785,2016-12-05,2
68859,69,39.0738962294882,2016-12-05,2
68859,70,32.35872270721477,2016-12-05,2
68859,71,27.59555483899976,2016-12-05,2
68859,72,40.31933333333333,2016-12-05,2
68859,73,35.890530890191904,2016-12-05,2
68859,74,36.263475248898125,2016-12-05,2
68859,75,33.318333907222275,2016-12-05,2
68859,76,36.721078424567025,2016-12-05,2
68859,77,40.642909837839596,2016-12-05,2
68859,78,31.115985111381576,2016-12-05,2
68859,79,30.947236525731654,2016-12-05,2
68859,80,38.867678476488884,2016-12-05,2
