segment_id,frame,speed,date,DayInWeek
68859,20,45.14951192066975,2016-12-27,3
68859,21,37.91201339230916,2016-12-27,3
68859,22,43.80575498337005,2016-12-27,3
68859,23,35.52960963841997,2016-12-27,3
68859,24,43.3,2016-12-27,3
68859,25,40.16366049034332,2016-12-27,3
68859,26,35.403739883110724,2016-12-27,3
68859,27,37.07221610571243,2016-12-27,3
68859,28,35.69798021243301,2016-12-27,3
68859,29,35.16834825581166,2016-12-27,3
68859,30,41.35750493526141,2016-12-27,3
68859,31,41.29930308481885,2016-12-27,3
68859,32,34.62286528771567,2016-12-27,3
68859,33,38.40613402086005,2016-12-27,3
68859,34,36.01609400994175,2016-12-27,3
68859,35,41.82785023197098,2016-12-27,3
68859,36,37.05485840159149,2016-12-27,3
68859,37,36.233022324027246,2016-12-27,3
68859,38,38.033061330561516,2016-12-27,3
68859,39,36.03135664733767,2016-12-27,3
68859,40,38.79272496812671,2016-12-27,3
68859,41,49.125,2016-12-27,3
68859,42,34.831720854420425,2016-12-27,3
68859,43,44.44390075536292,2016-12-27,3
68859,44,43.99165758675703,2016-12-27,3
68859,45,37.0,2016-12-27,3
68859,46,38.6909845983915,2016-12-27,3
68859,47,16.577,2016-12-27,3
68859,48,43.167500000000004,2016-12-27,3
68859,49,42.45189390910224,2016-12-27,3
68859,50,44.275,2016-12-27,3
68859,51,33.00016782032557,2016-12-27,3
68859,52,35.000651807015814,2016-12-27,3
68859,53,39.552127690478876,2016-12-27,3
68859,54,38.0,2016-12-27,3
68859,55,27.090331692591135,2016-12-27,3
68859,56,45.33521162013622,2016-12-27,3
68859,57,48.078620590531045,2016-12-27,3
68859,58,33.640185962770644,2016-12-27,3
68859,59,42.23786956749302,2016-12-27,3
68859,60,33.84974484606543,2016-12-27,3
68859,61,44.4982904990904,2016-12-27,3
68859,62,49.18079751487243,2016-12-27,3
68859,63,33.41881088208385,2016-12-27,3
68859,64,41.29569289426881,2016-12-27,3
68859,65,39.146412539258385,2016-12-27,3
68859,66,36.93584897471334,2016-12-27,3
68859,67,40.89,2016-12-27,3
68859,68,35.13639120694731,2016-12-27,3
68859,69,50.1859032111128,2016-12-27,3
68859,70,42.18333333333334,2016-12-27,3
68859,71,55.23780569047094,2016-12-27,3
68859,72,42.19825,2016-12-27,3
68859,73,36.84697570800781,2016-12-27,3
68859,74,38.64636272805642,2016-12-27,3
68859,75,32.301143419069135,2016-12-27,3
68859,76,35.4062116726253,2016-12-27,3
68859,77,24.74942871516806,2016-12-27,3
68859,78,47.656625244213615,2016-12-27,3
68859,79,47.0,2016-12-27,3
68859,80,43.225201574301146,2016-12-27,3
