segment_id,frame,speed,date,DayInWeek
68859,20,47.897870726410346,2016-12-20,3
68859,21,36.0,2016-12-20,3
68859,22,21.41595466146044,2016-12-20,3
68859,23,40.340143807486655,2016-12-20,3
68859,24,32.04842466708996,2016-12-20,3
68859,25,46.53331673242157,2016-12-20,3
68859,26,33.23972678477322,2016-12-20,3
68859,27,44.0,2016-12-20,3
68859,28,39.28469762244554,2016-12-20,3
68859,29,41.374694726920865,2016-12-20,3
68859,30,39.63281986807512,2016-12-20,3
68859,31,37.324730347221575,2016-12-20,3
68859,32,36.62670225729734,2016-12-20,3
68859,33,41.420034385725174,2016-12-20,3
68859,34,43.48614031042739,2016-12-20,3
68859,35,36.44641475543661,2016-12-20,3
68859,36,28.78352056866708,2016-12-20,3
68859,37,35.614024616892124,2016-12-20,3
68859,38,40.5461752895658,2016-12-20,3
68859,39,32.40652030651253,2016-12-20,3
68859,40,41.86908540321925,2016-12-20,3
68859,41,50.176184342926334,2016-12-20,3
68859,42,48.531355995646415,2016-12-20,3
68859,43,15.431677737976722,2016-12-20,3
68859,44,34.493352410475175,2016-12-20,3
68859,45,36.22222533737404,2016-12-20,3
68859,46,38.853585722661286,2016-12-20,3
68859,47,44.0,2016-12-20,3
68859,48,13.169746825947655,2016-12-20,3
68859,49,12.524472332736178,2016-12-20,3
68859,50,30.650085186672413,2016-12-20,3
68859,51,37.27854781338626,2016-12-20,3
68859,52,34.29131738648469,2016-12-20,3
68859,53,45.934938121837774,2016-12-20,3
68859,54,30.949852904202114,2016-12-20,3
68859,55,39.20131323031944,2016-12-20,3
68859,56,37.38359842725361,2016-12-20,3
68859,57,34.58816933530318,2016-12-20,3
68859,58,27.42349324940007,2016-12-20,3
68859,59,44.65025757904489,2016-12-20,3
68859,60,26.7125,2016-12-20,3
68859,61,37.52436000612241,2016-12-20,3
68859,62,21.179122856669437,2016-12-20,3
68859,63,44.611942087998116,2016-12-20,3
68859,64,34.54360596249904,2016-12-20,3
68859,65,29.833506382462293,2016-12-20,3
68859,66,17.44994621718913,2016-12-20,3
68859,67,33.060452984098944,2016-12-20,3
68859,68,23.138789131700957,2016-12-20,3
68859,69,46.285009034044876,2016-12-20,3
68859,70,43.650000000000006,2016-12-20,3
68859,71,26.517468981984024,2016-12-20,3
68859,72,36.489471758362455,2016-12-20,3
68859,73,41.94609067476973,2016-12-20,3
68859,74,42.30500692362088,2016-12-20,3
68859,75,38.628352273595574,2016-12-20,3
68859,76,48.217212371372064,2016-12-20,3
68859,77,52.07072094917536,2016-12-20,3
68859,78,46.4,2016-12-20,3
68859,79,36.80243773308848,2016-12-20,3
68859,80,52.09616666666666,2016-12-20,3
