segment_id,frame,speed,date,DayInWeek
68859,20,14.972891540585788,2016-12-31,7
68859,21,11.850118240878711,2016-12-31,7
68859,22,19.901837116162447,2016-12-31,7
68859,23,29.15913305918975,2016-12-31,7
68859,24,13.93629755524573,2016-12-31,7
68859,25,36.307963571587536,2016-12-31,7
68859,26,48.34433474709424,2016-12-31,7
68859,27,36.74897300480255,2016-12-31,7
68859,28,33.299972775493444,2016-12-31,7
68859,29,43.636540376302925,2016-12-31,7
68859,30,39.99407252912718,2016-12-31,7
68859,31,43.17288189514687,2016-12-31,7
68859,32,39.203,2016-12-31,7
68859,33,40.3723310363654,2016-12-31,7
68859,34,42.76644689765322,2016-12-31,7
68859,35,51.114999999999995,2016-12-31,7
68859,36,41.738317739068165,2016-12-31,7
68859,37,49.56413863107031,2016-12-31,7
68859,38,34.69868143195976,2016-12-31,7
68859,39,39.274891265490204,2016-12-31,7
68859,40,39.661249915036294,2016-12-31,7
68859,41,44.91898231556992,2016-12-31,7
68859,42,25.206150605453878,2016-12-31,7
68859,43,38.304981305658856,2016-12-31,7
68859,44,43.71556708799811,2016-12-31,7
68859,45,37.295465939310276,2016-12-31,7
68859,46,38.4835930363086,2016-12-31,7
68859,47,61.931643923592745,2016-12-31,7
68859,48,32.47841580781441,2016-12-31,7
68859,49,40.18333333333334,2016-12-31,7
68859,50,36.23806061242333,2016-12-31,7
68859,51,27.894565520513506,2016-12-31,7
68859,52,38.63155011379044,2016-12-31,7
68859,53,40.368992555110495,2016-12-31,7
68859,54,47.6775,2016-12-31,7
68859,55,31.191145362243866,2016-12-31,7
68859,56,45.32,2016-12-31,7
68859,57,43.06774687256696,2016-12-31,7
68859,58,45.92301091143982,2016-12-31,7
68859,59,51.351,2016-12-31,7
68859,60,37.85527726429593,2016-12-31,7
68859,61,38.600375,2016-12-31,7
68859,62,48.32275152333777,2016-12-31,7
68859,63,37.33615561248022,2016-12-31,7
68859,64,39.61396457808986,2016-12-31,7
68859,65,33.88262922721866,2016-12-31,7
68859,66,45.315852485303964,2016-12-31,7
68859,67,44.093720966766554,2016-12-31,7
68859,68,42.57655083524949,2016-12-31,7
68859,69,39.70468301049844,2016-12-31,7
68859,70,42.43262784806608,2016-12-31,7
68859,71,47.8702512187226,2016-12-31,7
68859,72,40.05961545113824,2016-12-31,7
68859,73,43.12125,2016-12-31,7
68859,74,35.0415729523947,2016-12-31,7
68859,75,43.35947085442342,2016-12-31,7
68859,76,37.35,2016-12-31,7
68859,77,47.0,2016-12-31,7
68859,78,39.23602198098054,2016-12-31,7
68859,79,37.19038007859318,2016-12-31,7
68859,80,34.21599061746717,2016-12-31,7
