segment_id,frame,speed,date,DayInWeek
68859,20,33.95811614710706,2016-12-21,4
68859,21,45.085558481734964,2016-12-21,4
68859,22,30.057196691618262,2016-12-21,4
68859,23,28.850742391502276,2016-12-21,4
68859,24,29.53705495246735,2016-12-21,4
68859,25,48.1,2016-12-21,4
68859,26,36.4770871099521,2016-12-21,4
68859,27,29.6629761877519,2016-12-21,4
68859,28,41.25752430926501,2016-12-21,4
68859,29,43.27192350252972,2016-12-21,4
68859,30,36.60025,2016-12-21,4
68859,31,41.353170818001246,2016-12-21,4
68859,32,40.8165555033237,2016-12-21,4
68859,33,41.241906083372555,2016-12-21,4
68859,34,38.685771427002905,2016-12-21,4
68859,35,33.40806984323001,2016-12-21,4
68859,36,41.57129712209169,2016-12-21,4
68859,37,32.515439494514936,2016-12-21,4
68859,38,44.580776575048915,2016-12-21,4
68859,39,39.233110227527575,2016-12-21,4
68859,40,44.92193166876632,2016-12-21,4
68859,41,39.8666309724414,2016-12-21,4
68859,42,37.67811022224342,2016-12-21,4
68859,43,45.67274814262136,2016-12-21,4
68859,44,35.7817964816457,2016-12-21,4
68859,45,47.59331487773791,2016-12-21,4
68859,46,43.65719800922628,2016-12-21,4
68859,47,47.59969268602426,2016-12-21,4
68859,48,33.848708550374056,2016-12-21,4
68859,49,29.81241575891628,2016-12-21,4
68859,50,35.82585125891674,2016-12-21,4
68859,51,45.23470037229562,2016-12-21,4
68859,52,37.48099449246209,2016-12-21,4
68859,53,44.95977204784468,2016-12-21,4
68859,54,33.180926092277964,2016-12-21,4
68859,55,37.309212409349776,2016-12-21,4
68859,56,39.3702620708372,2016-12-21,4
68859,57,46.92130620504503,2016-12-21,4
68859,58,35.65467508246805,2016-12-21,4
68859,59,38.572863598598516,2016-12-21,4
68859,60,45.13528572694883,2016-12-21,4
68859,61,43.21014901493527,2016-12-21,4
68859,62,37.53210321972048,2016-12-21,4
68859,63,40.01270695543449,2016-12-21,4
68859,64,35.07607398597163,2016-12-21,4
68859,65,43.31858820671389,2016-12-21,4
68859,66,46.47378788657437,2016-12-21,4
68859,67,38.56760963084078,2016-12-21,4
68859,68,39.66262120962958,2016-12-21,4
68859,69,40.88549638650319,2016-12-21,4
68859,70,38.27991217587484,2016-12-21,4
68859,71,39.40518894281844,2016-12-21,4
68859,72,38.3625,2016-12-21,4
68859,73,33.65351566422391,2016-12-21,4
68859,74,48.0,2016-12-21,4
68859,75,34.77292739429874,2016-12-21,4
68859,76,39.49029288996765,2016-12-21,4
68859,77,38.47803391748054,2016-12-21,4
68859,78,36.11203383600682,2016-12-21,4
68859,79,33.07170343061105,2016-12-21,4
68859,80,36.98559874370169,2016-12-21,4
