segment_id,frame,speed,date,DayInWeek
68859,20,28.759113646957765,2016-12-09,6
68859,21,34.9343771506212,2016-12-09,6
68859,22,35.12389297693486,2016-12-09,6
68859,23,31.8624662196441,2016-12-09,6
68859,24,42.00784385183638,2016-12-09,6
68859,25,34.17080334637597,2016-12-09,6
68859,26,33.358464601234644,2016-12-09,6
68859,27,36.364733484898125,2016-12-09,6
68859,28,26.662166666666668,2016-12-09,6
68859,29,40.01832031548936,2016-12-09,6
68859,30,26.843691260591267,2016-12-09,6
68859,31,19.570813936843106,2016-12-09,6
68859,32,14.29706755337869,2016-12-09,6
68859,33,18.361188024039983,2016-12-09,6
68859,34,27.469108458973963,2016-12-09,6
68859,35,25.07489100491965,2016-12-09,6
68859,36,31.77077923786317,2016-12-09,6
68859,37,29.997225008764232,2016-12-09,6
68859,38,34.08186585624555,2016-12-09,6
68859,39,44.498666666666665,2016-12-09,6
68859,40,36.0221351901608,2016-12-09,6
68859,41,37.2648077817502,2016-12-09,6
68859,42,37.317499999999995,2016-12-09,6
68859,43,34.04554081786834,2016-12-09,6
68859,44,28.263835876744402,2016-12-09,6
68859,45,34.70833333333333,2016-12-09,6
68859,46,42.673006758441474,2016-12-09,6
68859,47,36.25990256685424,2016-12-09,6
68859,48,43.39324616865888,2016-12-09,6
68859,49,34.028918548220815,2016-12-09,6
68859,50,37.08851093502804,2016-12-09,6
68859,51,43.93084062094265,2016-12-09,6
68859,52,24.03835183389537,2016-12-09,6
68859,53,41.02679308036403,2016-12-09,6
68859,54,37.66331102129217,2016-12-09,6
68859,55,40.65330959908309,2016-12-09,6
68859,56,39.16008767364716,2016-12-09,6
68859,57,38.92267348566317,2016-12-09,6
68859,58,39.68124823741259,2016-12-09,6
68859,59,42.87115244646935,2016-12-09,6
68859,60,21.57523221665874,2016-12-09,6
68859,61,41.360529161677604,2016-12-09,6
68859,62,37.31548346164541,2016-12-09,6
68859,63,40.16112473022946,2016-12-09,6
68859,64,44.19872018992473,2016-12-09,6
68859,65,35.98648206074927,2016-12-09,6
68859,66,36.75984179470572,2016-12-09,6
68859,67,39.98694345558354,2016-12-09,6
68859,68,31.16006638660344,2016-12-09,6
68859,69,27.49976087284669,2016-12-09,6
68859,70,35.327421316929176,2016-12-09,6
68859,71,19.471367957430793,2016-12-09,6
68859,72,39.082964600022464,2016-12-09,6
68859,73,36.623000000000005,2016-12-09,6
68859,74,38.8575,2016-12-09,6
68859,75,28.765858208156764,2016-12-09,6
68859,76,29.035906489074055,2016-12-09,6
68859,77,10.741279602050781,2016-12-09,6
68859,78,42.70367831679047,2016-12-09,6
68859,79,6.830900478692049,2016-12-09,6
68859,80,37.26815670906757,2016-12-09,6
