segment_id,frame,speed,date,DayInWeek
68859,20,34.90103329317807,2016-12-17,7
68859,21,37.0,2016-12-17,7
68859,22,18.664248262900415,2016-12-17,7
68859,23,26.12908187125435,2016-12-17,7
68859,24,39.13556858995824,2016-12-17,7
68859,25,30.0,2016-12-17,7
68859,26,47.87014152628696,2016-12-17,7
68859,27,43.94973724234325,2016-12-17,7
68859,28,37.07141220497057,2016-12-17,7
68859,29,38.0,2016-12-17,7
68859,30,33.936046235767,2016-12-17,7
68859,31,48.53399999999999,2016-12-17,7
68859,32,39.811656001059085,2016-12-17,7
68859,33,37.78264403620015,2016-12-17,7
68859,34,43.43290631270518,2016-12-17,7
68859,35,33.74564114413993,2016-12-17,7
68859,36,37.12451447684505,2016-12-17,7
68859,37,38.75151588537051,2016-12-17,7
68859,38,42.4389793707147,2016-12-17,7
68859,39,38.60849149442487,2016-12-17,7
68859,40,50.325,2016-12-17,7
68859,41,37.889233180820476,2016-12-17,7
68859,42,45.643080996669326,2016-12-17,7
68859,43,39.65026509392027,2016-12-17,7
68859,44,25.8698156700606,2016-12-17,7
68859,45,38.37153889719283,2016-12-17,7
68859,46,46.02342261822868,2016-12-17,7
68859,47,41.43013478860233,2016-12-17,7
68859,48,43.64028019711674,2016-12-17,7
68859,49,39.61298074634688,2016-12-17,7
68859,50,54.22427998276274,2016-12-17,7
68859,51,43.05537363253629,2016-12-17,7
68859,52,21.217083333333335,2016-12-17,7
68859,53,39.591804067589145,2016-12-17,7
68859,54,43.11430134130567,2016-12-17,7
68859,55,41.626724550395636,2016-12-17,7
68859,56,36.93294849543387,2016-12-17,7
68859,57,43.3036,2016-12-17,7
68859,58,46.091733889961475,2016-12-17,7
68859,59,37.18272936181955,2016-12-17,7
68859,60,45.96788041478339,2016-12-17,7
68859,61,42.71689273117589,2016-12-17,7
68859,62,28.125,2016-12-17,7
68859,63,42.13377564872167,2016-12-17,7
68859,64,48.37967872969824,2016-12-17,7
68859,65,52.68750764189834,2016-12-17,7
68859,66,37.99515711022759,2016-12-17,7
68859,67,38.13317274332932,2016-12-17,7
68859,68,45.016666666666666,2016-12-17,7
68859,69,40.598459800527664,2016-12-17,7
68859,70,40.489829327943056,2016-12-17,7
68859,71,47.650074857003546,2016-12-17,7
68859,72,36.676052132190286,2016-12-17,7
68859,73,37.69145510955785,2016-12-17,7
68859,74,43.72704755988427,2016-12-17,7
68859,75,35.608703671842505,2016-12-17,7
68859,76,39.52948831368578,2016-12-17,7
68859,77,37.2855,2016-12-17,7
68859,78,35.1651591029378,2016-12-17,7
68859,79,63.0,2016-12-17,7
68859,80,46.05245454504289,2016-12-17,7
