segment_id,frame,speed,date,DayInWeek
68859,20,39.57098814229841,2016-12-25,1
68859,21,32.97520526442704,2016-12-25,1
68859,22,37.621353634691125,2016-12-25,1
68859,23,27.143139318624996,2016-12-25,1
68859,24,30.439792940701157,2016-12-25,1
68859,25,17.52137671819052,2016-12-25,1
68859,26,36.57980814947854,2016-12-25,1
68859,27,42.018750000000004,2016-12-25,1
68859,28,40.69465954073374,2016-12-25,1
68859,29,39.581038657613206,2016-12-25,1
68859,30,34.38471953714217,2016-12-25,1
68859,31,40.482933923538575,2016-12-25,1
68859,32,38.634500897900445,2016-12-25,1
68859,33,41.43439389080447,2016-12-25,1
68859,34,37.65609420523773,2016-12-25,1
68859,35,32.465371211525266,2016-12-25,1
68859,36,35.39819406521537,2016-12-25,1
68859,37,44.92217880085384,2016-12-25,1
68859,38,40.71017692341768,2016-12-25,1
68859,39,36.66491424585763,2016-12-25,1
68859,40,36.666749348315946,2016-12-25,1
68859,41,47.536648009740375,2016-12-25,1
68859,42,40.113085398471505,2016-12-25,1
68859,43,39.203318568134804,2016-12-25,1
68859,44,42.70896152965914,2016-12-25,1
68859,45,41.64917208174502,2016-12-25,1
68859,46,33.60645376937478,2016-12-25,1
68859,47,37.76755047561556,2016-12-25,1
68859,48,40.17805212391741,2016-12-25,1
68859,49,50.77724985253546,2016-12-25,1
68859,50,44.13036551531425,2016-12-25,1
68859,51,28.38603136855282,2016-12-25,1
68859,52,41.55000824211916,2016-12-25,1
68859,53,46.61993333204024,2016-12-25,1
68859,54,45.58711225824892,2016-12-25,1
68859,55,45.04616436324598,2016-12-25,1
68859,56,33.30099620967947,2016-12-25,1
68859,57,42.51206699273093,2016-12-25,1
68859,58,25.783295479643694,2016-12-25,1
68859,59,37.344892526035494,2016-12-25,1
68859,60,36.08941176556364,2016-12-25,1
68859,61,37.45242791920762,2016-12-25,1
68859,62,42.98243047563014,2016-12-25,1
68859,63,46.772825294913346,2016-12-25,1
68859,64,34.32257319021875,2016-12-25,1
68859,65,40.496299959131676,2016-12-25,1
68859,66,40.1648012588613,2016-12-25,1
68859,67,39.29985932625549,2016-12-25,1
68859,68,35.35796356201172,2016-12-25,1
68859,69,41.257831714529274,2016-12-25,1
68859,70,34.302683683938746,2016-12-25,1
68859,71,36.779212908313276,2016-12-25,1
68859,72,45.462526908949926,2016-12-25,1
68859,73,33.65945134780755,2016-12-25,1
68859,74,32.58304854813814,2016-12-25,1
68859,75,32.808314796326734,2016-12-25,1
68859,76,40.5081280952486,2016-12-25,1
68859,77,38.27813694736497,2016-12-25,1
68859,78,41.586577955084486,2016-12-25,1
68859,79,48.96559526846662,2016-12-25,1
68859,80,40.83901663844224,2016-12-25,1
