segment_id,frame,speed,date,DayInWeek
68859,20,46.4088551329704,2016-12-19,2
68859,21,40.9387319227787,2016-12-19,2
68859,22,39.19855236882735,2016-12-19,2
68859,23,22.49050272276898,2016-12-19,2
68859,24,49.19996881796588,2016-12-19,2
68859,25,23.862197755791776,2016-12-19,2
68859,26,37.20454549912421,2016-12-19,2
68859,27,45.4415,2016-12-19,2
68859,28,34.06287585047884,2016-12-19,2
68859,29,37.65013401631997,2016-12-19,2
68859,30,32.53006485557363,2016-12-19,2
68859,31,37.034260984822595,2016-12-19,2
68859,32,29.818967678269093,2016-12-19,2
68859,33,36.55851495029934,2016-12-19,2
68859,34,42.5852663960563,2016-12-19,2
68859,35,38.57566414796829,2016-12-19,2
68859,36,40.31989684648413,2016-12-19,2
68859,37,46.4604710345378,2016-12-19,2
68859,38,44.46500010067825,2016-12-19,2
68859,39,53.0,2016-12-19,2
68859,40,35.07764978811096,2016-12-19,2
68859,41,46.475,2016-12-19,2
68859,42,46.41577536845262,2016-12-19,2
68859,43,38.024329131104494,2016-12-19,2
68859,44,44.282333333333334,2016-12-19,2
68859,45,18.1711069363477,2016-12-19,2
68859,46,34.31544513832398,2016-12-19,2
68859,47,42.531625,2016-12-19,2
68859,48,48.050662567945494,2016-12-19,2
68859,49,39.61758296480683,2016-12-19,2
68859,50,32.880875644155665,2016-12-19,2
68859,51,25.9375,2016-12-19,2
68859,52,36.20246068635713,2016-12-19,2
68859,53,32.090653976929985,2016-12-19,2
68859,54,37.13383344679421,2016-12-19,2
68859,55,46.1911328084627,2016-12-19,2
68859,56,48.509917182422726,2016-12-19,2
68859,57,25.127249999999997,2016-12-19,2
68859,58,34.42941076191951,2016-12-19,2
68859,59,34.02302991151611,2016-12-19,2
68859,60,39.31076045603885,2016-12-19,2
68859,61,35.06058615912242,2016-12-19,2
68859,62,46.0329600500111,2016-12-19,2
68859,63,43.313657067149975,2016-12-19,2
68859,64,40.4545,2016-12-19,2
68859,65,33.97050613938565,2016-12-19,2
68859,66,42.075,2016-12-19,2
68859,67,36.345114368031076,2016-12-19,2
68859,68,45.912,2016-12-19,2
68859,69,45.16304151855614,2016-12-19,2
68859,70,38.418259210547575,2016-12-19,2
68859,71,37.828143807486654,2016-12-19,2
68859,72,45.868966738943456,2016-12-19,2
68859,73,42.74166666666667,2016-12-19,2
68859,74,41.164967172577406,2016-12-19,2
68859,75,40.40217494957383,2016-12-19,2
68859,76,41.021837598764385,2016-12-19,2
68859,77,30.810022085106908,2016-12-19,2
68859,78,15.436367548048556,2016-12-19,2
68859,79,56.98185905651141,2016-12-19,2
68859,80,40.91153257926288,2016-12-19,2
