segment_id,frame,speed,date,DayInWeek
68859,20,30.112772554814374,2016-12-26,2
68859,21,38.32403204262965,2016-12-26,2
68859,22,25.145,2016-12-26,2
68859,23,43.2875,2016-12-26,2
68859,24,43.676859645449696,2016-12-26,2
68859,25,39.56782134820306,2016-12-26,2
68859,26,50.14,2016-12-26,2
68859,27,40.40776960537205,2016-12-26,2
68859,28,42.20513703606247,2016-12-26,2
68859,29,41.5,2016-12-26,2
68859,30,39.65633044265972,2016-12-26,2
68859,31,30.1895280380822,2016-12-26,2
68859,32,39.69767387106137,2016-12-26,2
68859,33,34.340000315282026,2016-12-26,2
68859,34,31.68503438884523,2016-12-26,2
68859,35,41.73113166975806,2016-12-26,2
68859,36,31.59934971903769,2016-12-26,2
68859,37,46.537834077964476,2016-12-26,2
68859,38,44.60620671944729,2016-12-26,2
68859,39,42.507389468996664,2016-12-26,2
68859,40,34.86179654003189,2016-12-26,2
68859,41,35.00368658661769,2016-12-26,2
68859,42,34.40479359422491,2016-12-26,2
68859,43,36.08744632386288,2016-12-26,2
68859,44,27.203713148331516,2016-12-26,2
68859,45,41.887466697805735,2016-12-26,2
68859,46,37.992614218217675,2016-12-26,2
68859,47,34.65882067732701,2016-12-26,2
68859,48,41.34832635798559,2016-12-26,2
68859,49,42.325,2016-12-26,2
68859,50,50.0125,2016-12-26,2
68859,51,46.566261667009556,2016-12-26,2
68859,52,39.61141666666667,2016-12-26,2
68859,53,30.435681264820676,2016-12-26,2
68859,54,46.59165816053448,2016-12-26,2
68859,55,42.8875,2016-12-26,2
68859,56,34.207574646275944,2016-12-26,2
68859,57,45.538444561987085,2016-12-26,2
68859,58,39.87588656007975,2016-12-26,2
68859,59,35.81805131610676,2016-12-26,2
68859,60,31.870724325235372,2016-12-26,2
68859,61,36.150999999999996,2016-12-26,2
68859,62,38.13161712078211,2016-12-26,2
68859,63,34.922654938818994,2016-12-26,2
68859,64,47.22204453042936,2016-12-26,2
68859,65,31.436999999999998,2016-12-26,2
68859,66,39.63004632030113,2016-12-26,2
68859,67,39.00794929143301,2016-12-26,2
68859,68,39.01172002718381,2016-12-26,2
68859,69,39.6018175437612,2016-12-26,2
68859,70,40.0,2016-12-26,2
68859,71,39.74170659396722,2016-12-26,2
68859,72,38.69837494234108,2016-12-26,2
68859,73,41.263666666666666,2016-12-26,2
68859,74,36.80392228677246,2016-12-26,2
68859,75,38.06090038653395,2016-12-26,2
68859,76,37.92118995415462,2016-12-26,2
68859,77,35.23632895889764,2016-12-26,2
68859,78,45.64003451409911,2016-12-26,2
68859,79,18.197409138583605,2016-12-26,2
68859,80,31.221119227641438,2016-12-26,2
