segment_id,frame,speed,date,DayInWeek
68859,20,46.61409028325183,2017-04-20,5
68859,21,35.300842702038075,2017-04-20,5
68859,22,63.0,2017-04-20,5
68859,23,31.13685415553713,2017-04-20,5
68859,24,40.50621938154907,2017-04-20,5
68859,25,32.137767439025076,2017-04-20,5
68859,26,39.47577291682303,2017-04-20,5
68859,27,39.0329004827347,2017-04-20,5
68859,28,41.755180377702615,2017-04-20,5
68859,29,43.15989291134372,2017-04-20,5
68859,30,46.1901076901641,2017-04-20,5
68859,31,47.129441713756044,2017-04-20,5
68859,32,39.66709119592333,2017-04-20,5
68859,33,31.320452827171607,2017-04-20,5
68859,34,36.65468001671741,2017-04-20,5
68859,35,27.490355582149313,2017-04-20,5
68859,36,34.403472696015584,2017-04-20,5
68859,37,33.923744300040426,2017-04-20,5
68859,38,48.100438979893134,2017-04-20,5
68859,39,30.947045881999983,2017-04-20,5
68859,40,43.40843305920837,2017-04-20,5
68859,41,47.61709319521913,2017-04-20,5
68859,42,37.01241444894923,2017-04-20,5
68859,43,41.117447296759224,2017-04-20,5
68859,44,44.76695666075581,2017-04-20,5
68859,45,41.57588704500607,2017-04-20,5
68859,46,45.94545982149671,2017-04-20,5
68859,47,37.85606092513986,2017-04-20,5
68859,48,42.18637509890542,2017-04-20,5
68859,49,43.78831668594491,2017-04-20,5
68859,50,37.20961711329082,2017-04-20,5
68859,51,37.26971852368274,2017-04-20,5
68859,52,48.994,2017-04-20,5
68859,53,39.58909642745334,2017-04-20,5
68859,54,40.435503268800446,2017-04-20,5
68859,55,34.0,2017-04-20,5
68859,56,40.69113862121042,2017-04-20,5
68859,57,34.02845143567134,2017-04-20,5
68859,58,29.71773912613233,2017-04-20,5
68859,59,38.831054348846244,2017-04-20,5
68859,60,35.888283418055494,2017-04-20,5
68859,61,40.60119329881495,2017-04-20,5
68859,62,37.64017990669366,2017-04-20,5
68859,63,34.072316777372734,2017-04-20,5
68859,64,38.82519576039605,2017-04-20,5
68859,65,37.85716640617615,2017-04-20,5
68859,66,30.27708039667751,2017-04-20,5
68859,67,35.294421752137005,2017-04-20,5
68859,68,37.29083455294325,2017-04-20,5
68859,69,52.98808678634684,2017-04-20,5
68859,70,42.30798470258344,2017-04-20,5
68859,71,31.91106722451064,2017-04-20,5
68859,72,35.02754999160494,2017-04-20,5
68859,73,26.696862017423136,2017-04-20,5
68859,74,31.352579818624278,2017-04-20,5
68859,75,29.441047391781858,2017-04-20,5
68859,76,41.221248939329115,2017-04-20,5
68859,77,24.763888044449395,2017-04-20,5
68859,78,37.53218529676573,2017-04-20,5
68859,79,22.591141147424455,2017-04-20,5
68859,80,30.02363994621623,2017-04-20,5
