segment_id,frame,speed,date,DayInWeek
68859,20,30.430960366159432,2017-03-14,3
68859,21,44.000405686955816,2017-03-14,3
68859,22,38.994456940611165,2017-03-14,3
68859,23,28.558151950387124,2017-03-14,3
68859,24,44.91088967222005,2017-03-14,3
68859,25,35.194808033156,2017-03-14,3
68859,26,22.113215344048385,2017-03-14,3
68859,27,38.13015406809536,2017-03-14,3
68859,28,37.80401508109457,2017-03-14,3
68859,29,36.11966379564411,2017-03-14,3
68859,30,37.21666726927964,2017-03-14,3
68859,31,40.63886403166529,2017-03-14,3
68859,32,43.12638552928466,2017-03-14,3
68859,33,37.05448369138085,2017-03-14,3
68859,34,32.79848253403176,2017-03-14,3
68859,35,36.65473905810434,2017-03-14,3
68859,36,37.94169161128438,2017-03-14,3
68859,37,45.162,2017-03-14,3
68859,38,37.558444468208464,2017-03-14,3
68859,39,32.398737856766715,2017-03-14,3
68859,40,28.272373798936798,2017-03-14,3
68859,41,16.53766070734889,2017-03-14,3
68859,42,35.54999173821579,2017-03-14,3
68859,43,32.96712536683489,2017-03-14,3
68859,44,20.190952670934436,2017-03-14,3
68859,45,43.69773852782675,2017-03-14,3
68859,46,40.9925877606598,2017-03-14,3
68859,47,36.88306696467002,2017-03-14,3
68859,48,40.74302261209844,2017-03-14,3
68859,49,40.94591022172631,2017-03-14,3
68859,50,22.877602919582912,2017-03-14,3
68859,51,32.95239740796355,2017-03-14,3
68859,52,29.486685339096148,2017-03-14,3
68859,53,36.84394696889974,2017-03-14,3
68859,54,34.18478512446221,2017-03-14,3
68859,55,37.40021716686386,2017-03-14,3
68859,56,36.50584742006413,2017-03-14,3
68859,57,38.090091069988745,2017-03-14,3
68859,58,30.627343184359255,2017-03-14,3
68859,59,31.86543015666672,2017-03-14,3
68859,60,43.12488146716786,2017-03-14,3
68859,61,30.322118344639847,2017-03-14,3
68859,62,27.146299992921705,2017-03-14,3
68859,63,33.950492481014486,2017-03-14,3
68859,64,34.69046950674252,2017-03-14,3
68859,65,37.861174158024774,2017-03-14,3
68859,66,27.90622525690132,2017-03-14,3
68859,67,24.975332687552818,2017-03-14,3
68859,68,11.378082142809934,2017-03-14,3
68859,69,21.126071057709822,2017-03-14,3
68859,70,38.22488962752647,2017-03-14,3
68859,71,32.8955969453785,2017-03-14,3
68859,72,36.87058578534956,2017-03-14,3
68859,73,33.010664691658555,2017-03-14,3
68859,74,33.53310074965443,2017-03-14,3
68859,75,44.37566286022924,2017-03-14,3
68859,76,37.113292045447594,2017-03-14,3
68859,77,47.666666666666664,2017-03-14,3
68859,78,29.79384348571968,2017-03-14,3
68859,79,37.080881106438405,2017-03-14,3
68859,80,45.25532517068566,2017-03-14,3
