segment_id,frame,speed,date,DayInWeek
68859,20,42.54735234912447,2017-03-06,2
68859,21,18.053787818204473,2017-03-06,2
68859,22,44.6789616062763,2017-03-06,2
68859,23,31.062905351717646,2017-03-06,2
68859,24,39.63297734628286,2017-03-06,2
68859,25,44.56889894805176,2017-03-06,2
68859,26,44.838,2017-03-06,2
68859,27,28.234012075565133,2017-03-06,2
68859,28,29.634743755195686,2017-03-06,2
68859,29,35.11404410067757,2017-03-06,2
68859,30,33.87266337721382,2017-03-06,2
68859,31,41.97914988563137,2017-03-06,2
68859,32,36.02247893707065,2017-03-06,2
68859,33,40.31662151446183,2017-03-06,2
68859,34,34.76514608840372,2017-03-06,2
68859,35,38.97803695299047,2017-03-06,2
68859,36,33.45979961561552,2017-03-06,2
68859,37,40.269450857531595,2017-03-06,2
68859,38,37.402254109746295,2017-03-06,2
68859,39,35.394687712143224,2017-03-06,2
68859,40,26.38510514156822,2017-03-06,2
68859,41,41.411585098237026,2017-03-06,2
68859,42,41.21152004789687,2017-03-06,2
68859,43,36.944098114635686,2017-03-06,2
68859,44,33.80848183075942,2017-03-06,2
68859,45,47.070526172779694,2017-03-06,2
68859,46,33.28336273630079,2017-03-06,2
68859,47,44.63136286674803,2017-03-06,2
68859,48,36.948639279117835,2017-03-06,2
68859,49,33.72949984322059,2017-03-06,2
68859,50,35.687895058224214,2017-03-06,2
68859,51,35.512237885299015,2017-03-06,2
68859,52,42.66967785448888,2017-03-06,2
68859,53,39.13613898867881,2017-03-06,2
68859,54,29.006143126674303,2017-03-06,2
68859,55,47.200126238730284,2017-03-06,2
68859,56,35.00034204564956,2017-03-06,2
68859,57,32.47135324157317,2017-03-06,2
68859,58,33.433425,2017-03-06,2
68859,59,38.02007831817069,2017-03-06,2
68859,60,39.0,2017-03-06,2
68859,61,41.38979965654109,2017-03-06,2
68859,62,43.54848409966372,2017-03-06,2
68859,63,33.97963969195394,2017-03-06,2
68859,64,33.987878109646026,2017-03-06,2
68859,65,36.06607557651239,2017-03-06,2
68859,66,33.920529625528694,2017-03-06,2
68859,67,37.135148048237475,2017-03-06,2
68859,68,40.1586052343867,2017-03-06,2
68859,69,43.03660520687855,2017-03-06,2
68859,70,35.04202887530154,2017-03-06,2
68859,71,38.450741908858596,2017-03-06,2
68859,72,33.8760110020429,2017-03-06,2
68859,73,32.013496230330716,2017-03-06,2
68859,74,21.805213738759683,2017-03-06,2
68859,75,30.335112161969146,2017-03-06,2
68859,76,33.647982206383126,2017-03-06,2
68859,77,35.933794387454334,2017-03-06,2
68859,78,34.71595225729734,2017-03-06,2
68859,79,38.96539996232135,2017-03-06,2
68859,80,35.0,2017-03-06,2
