segment_id,frame,speed,date,DayInWeek
68859,20,27.221216837565102,2017-01-13,6
68859,21,17.095117257989155,2017-01-13,6
68859,22,40.19614183574579,2017-01-13,6
68859,23,43.94029145456208,2017-01-13,6
68859,24,34.92584405158232,2017-01-13,6
68859,25,26.180259433562796,2017-01-13,6
68859,26,39.24498994452664,2017-01-13,6
68859,27,29.95674770977081,2017-01-13,6
68859,28,44.25,2017-01-13,6
68859,29,23.100889639181478,2017-01-13,6
68859,30,40.57285861937356,2017-01-13,6
68859,31,44.1517463981236,2017-01-13,6
68859,32,41.88472850098358,2017-01-13,6
68859,33,43.858421685694736,2017-01-13,6
68859,34,39.743,2017-01-13,6
68859,35,40.899653230416426,2017-01-13,6
68859,36,38.46222903841827,2017-01-13,6
68859,37,40.131440456215884,2017-01-13,6
68859,38,38.98761010723513,2017-01-13,6
68859,39,40.90356973942058,2017-01-13,6
68859,40,37.033695392357366,2017-01-13,6
68859,41,47.41676321093957,2017-01-13,6
68859,42,38.18906451920883,2017-01-13,6
68859,43,36.43539212962438,2017-01-13,6
68859,44,31.381357025221604,2017-01-13,6
68859,45,42.60599291202072,2017-01-13,6
68859,46,38.46196875831228,2017-01-13,6
68859,47,43.05001389324901,2017-01-13,6
68859,48,47.861694363750814,2017-01-13,6
68859,49,36.97712581237835,2017-01-13,6
68859,50,45.851313753777696,2017-01-13,6
68859,51,42.98176637172037,2017-01-13,6
68859,52,37.01959920986848,2017-01-13,6
68859,53,13.078999999999999,2017-01-13,6
68859,54,37.691617199882,2017-01-13,6
68859,55,39.61959220717985,2017-01-13,6
68859,56,38.74278482536935,2017-01-13,6
68859,57,39.09614250534807,2017-01-13,6
68859,58,27.701993037813025,2017-01-13,6
68859,59,32.481300251787644,2017-01-13,6
68859,60,33.16609577750791,2017-01-13,6
68859,61,44.87240081238682,2017-01-13,6
68859,62,50.87191177482295,2017-01-13,6
68859,63,44.067697275390174,2017-01-13,6
68859,64,45.948166666666665,2017-01-13,6
68859,65,43.09389656736022,2017-01-13,6
68859,66,33.02656060227939,2017-01-13,6
68859,67,38.171545427958606,2017-01-13,6
68859,68,46.46943551026061,2017-01-13,6
68859,69,32.47691255871061,2017-01-13,6
68859,70,30.22341550120779,2017-01-13,6
68859,71,42.545661923826394,2017-01-13,6
68859,72,40.82518772149528,2017-01-13,6
68859,73,35.69825799737174,2017-01-13,6
68859,74,33.94604492800306,2017-01-13,6
68859,75,39.676700784580945,2017-01-13,6
68859,76,31.559249430499825,2017-01-13,6
68859,77,35.519386548442746,2017-01-13,6
68859,78,32.12697416309162,2017-01-13,6
68859,79,52.072,2017-01-13,6
68859,80,32.794115411492726,2017-01-13,6
