segment_id,frame,speed,date,DayInWeek
68859,20,14.365932867320499,2017-01-10,3
68859,21,11.918501688899301,2017-01-10,3
68859,22,29.70010966837028,2017-01-10,3
68859,23,21.503385826377905,2017-01-10,3
68859,24,38.00592431444986,2017-01-10,3
68859,25,41.30606393759265,2017-01-10,3
68859,26,43.85129101387739,2017-01-10,3
68859,27,44.03155184221052,2017-01-10,3
68859,28,39.561732905475324,2017-01-10,3
68859,29,29.75428702333044,2017-01-10,3
68859,30,37.60174169802269,2017-01-10,3
68859,31,30.35820100333614,2017-01-10,3
68859,32,39.875625866270596,2017-01-10,3
68859,33,40.64566652455456,2017-01-10,3
68859,34,40.47,2017-01-10,3
68859,35,38.0,2017-01-10,3
68859,36,37.5340057796977,2017-01-10,3
68859,37,37.781374463053666,2017-01-10,3
68859,38,45.02537151327475,2017-01-10,3
68859,39,45.98369964351323,2017-01-10,3
68859,40,39.13701524550598,2017-01-10,3
68859,41,35.54925448145896,2017-01-10,3
68859,42,41.04141139572199,2017-01-10,3
68859,43,41.5,2017-01-10,3
68859,44,39.999540467098164,2017-01-10,3
68859,45,42.229432800398726,2017-01-10,3
68859,46,49.03391180473473,2017-01-10,3
68859,47,35.55470768667776,2017-01-10,3
68859,48,42.048,2017-01-10,3
68859,49,32.80667835857018,2017-01-10,3
68859,50,41.85818717924563,2017-01-10,3
68859,51,39.05840635483471,2017-01-10,3
68859,52,37.17352494725158,2017-01-10,3
68859,53,50.2966182941683,2017-01-10,3
68859,54,33.91257286790277,2017-01-10,3
68859,55,36.12881607918894,2017-01-10,3
68859,56,33.54226814001238,2017-01-10,3
68859,57,39.16077471515388,2017-01-10,3
68859,58,33.94119560127994,2017-01-10,3
68859,59,37.859928702462994,2017-01-10,3
68859,60,14.579766919565827,2017-01-10,3
68859,61,42.31020230474951,2017-01-10,3
68859,62,39.83694381977883,2017-01-10,3
68859,63,47.28076818624179,2017-01-10,3
68859,64,40.18816666666666,2017-01-10,3
68859,65,39.008821416576104,2017-01-10,3
68859,66,35.42974595687932,2017-01-10,3
68859,67,40.184486670112165,2017-01-10,3
68859,68,47.830009717392485,2017-01-10,3
68859,69,36.63394637446573,2017-01-10,3
68859,70,40.25429451946268,2017-01-10,3
68859,71,32.85701371418071,2017-01-10,3
68859,72,34.458481220811706,2017-01-10,3
68859,73,33.23424899805361,2017-01-10,3
68859,74,49.61485051058598,2017-01-10,3
68859,75,44.18821552784708,2017-01-10,3
68859,76,42.3775,2017-01-10,3
68859,77,44.92430890363518,2017-01-10,3
68859,78,41.36940906375435,2017-01-10,3
68859,79,38.52138732706952,2017-01-10,3
68859,80,45.36878993642999,2017-01-10,3
