segment_id,frame,speed,date,DayInWeek
68859,20,35.017097860624965,2017-04-30,1
68859,21,29.9033011812949,2017-04-30,1
68859,22,38.356382402874075,2017-04-30,1
68859,23,39.839920196646545,2017-04-30,1
68859,24,35.52590813774782,2017-04-30,1
68859,25,40.23987978179848,2017-04-30,1
68859,26,44.13796716636136,2017-04-30,1
68859,27,48.72445118567059,2017-04-30,1
68859,28,42.132249267760386,2017-04-30,1
68859,29,35.990674389581415,2017-04-30,1
68859,30,39.71020758941388,2017-04-30,1
68859,31,41.96467260245127,2017-04-30,1
68859,32,44.77080800279272,2017-04-30,1
68859,33,53.260877421975366,2017-04-30,1
68859,34,39.3833466005979,2017-04-30,1
68859,35,41.36731211990087,2017-04-30,1
68859,36,41.459685691734606,2017-04-30,1
68859,37,38.68574971577558,2017-04-30,1
68859,38,37.79658908117385,2017-04-30,1
68859,39,36.99007190416735,2017-04-30,1
68859,40,38.503512373861795,2017-04-30,1
68859,41,43.47640666069007,2017-04-30,1
68859,42,37.76701721808948,2017-04-30,1
68859,43,39.078172155857345,2017-04-30,1
68859,44,35.81650274087684,2017-04-30,1
68859,45,40.49325663670389,2017-04-30,1
68859,46,39.47468746744646,2017-04-30,1
68859,47,36.821893684844234,2017-04-30,1
68859,48,38.03784517555014,2017-04-30,1
68859,49,39.99138708326372,2017-04-30,1
68859,50,41.7308,2017-04-30,1
68859,51,39.944678864636955,2017-04-30,1
68859,52,42.99286339375677,2017-04-30,1
68859,53,39.081740989341,2017-04-30,1
68859,54,39.21997523752456,2017-04-30,1
68859,55,46.94816183606778,2017-04-30,1
68859,56,30.0558186676554,2017-04-30,1
68859,57,36.81578088910081,2017-04-30,1
68859,58,41.007518677789264,2017-04-30,1
68859,59,39.94090050294844,2017-04-30,1
68859,60,39.601642942486635,2017-04-30,1
68859,61,37.19801642187714,2017-04-30,1
68859,62,43.68976673570912,2017-04-30,1
68859,63,46.09225000000001,2017-04-30,1
68859,64,36.86181788271769,2017-04-30,1
68859,65,36.56507320700164,2017-04-30,1
68859,66,40.489779338323146,2017-04-30,1
68859,67,37.35577647390075,2017-04-30,1
68859,68,39.85948611491289,2017-04-30,1
68859,69,39.722637334023574,2017-04-30,1
68859,70,34.070435868363994,2017-04-30,1
68859,71,42.22424967251989,2017-04-30,1
68859,72,39.544085414333296,2017-04-30,1
68859,73,42.78112562802545,2017-04-30,1
68859,74,39.30632867873218,2017-04-30,1
68859,75,29.877572109409783,2017-04-30,1
68859,76,30.712066630235217,2017-04-30,1
68859,77,33.857421696109064,2017-04-30,1
68859,78,4.50019645690918,2017-04-30,1
68859,79,34.141256449745775,2017-04-30,1
68859,80,26.555119035653064,2017-04-30,1
