segment_id,frame,speed,date,DayInWeek
68859,20,35.14141209042141,2017-02-03,6
68859,21,33.77449770277966,2017-02-03,6
68859,22,27.845914381431882,2017-02-03,6
68859,23,43.59157157860443,2017-02-03,6
68859,24,33.48305888836109,2017-02-03,6
68859,25,29.88423228700806,2017-02-03,6
68859,26,36.18071640223077,2017-02-03,6
68859,27,37.67995775787834,2017-02-03,6
68859,28,42.1164114354673,2017-02-03,6
68859,29,36.33483158257255,2017-02-03,6
68859,30,36.9526625958505,2017-02-03,6
68859,31,39.563582236281825,2017-02-03,6
68859,32,29.124875793460156,2017-02-03,6
68859,33,32.26746289570976,2017-02-03,6
68859,34,40.15577109488815,2017-02-03,6
68859,35,42.267698865401435,2017-02-03,6
68859,36,40.322219877739876,2017-02-03,6
68859,37,44.84945546213761,2017-02-03,6
68859,38,43.1426035690948,2017-02-03,6
68859,39,32.35812410454823,2017-02-03,6
68859,40,44.204640915257684,2017-02-03,6
68859,41,39.20504796027633,2017-02-03,6
68859,42,45.16602844765127,2017-02-03,6
68859,43,38.50920393207999,2017-02-03,6
68859,44,38.01773582269809,2017-02-03,6
68859,45,35.99654390117584,2017-02-03,6
68859,46,40.50312408920203,2017-02-03,6
68859,47,38.25953008916594,2017-02-03,6
68859,48,46.735886575217826,2017-02-03,6
68859,49,34.617079109971186,2017-02-03,6
68859,50,37.95735349490654,2017-02-03,6
68859,51,35.26569499359358,2017-02-03,6
68859,52,39.55124473270683,2017-02-03,6
68859,53,35.73150078326402,2017-02-03,6
68859,54,44.819473004129485,2017-02-03,6
68859,55,46.60557918343758,2017-02-03,6
68859,56,39.43220015142997,2017-02-03,6
68859,57,35.67523430873143,2017-02-03,6
68859,58,39.43660186767556,2017-02-03,6
68859,59,40.35929671848706,2017-02-03,6
68859,60,38.813132402569906,2017-02-03,6
68859,61,33.67249364322859,2017-02-03,6
68859,62,29.834972381591797,2017-02-03,6
68859,63,23.50454092635113,2017-02-03,6
68859,64,46.30232191981811,2017-02-03,6
68859,65,32.714147558065925,2017-02-03,6
68859,66,38.11873870399771,2017-02-03,6
68859,67,40.86637499999999,2017-02-03,6
68859,68,42.326757424568626,2017-02-03,6
68859,69,31.087010316871563,2017-02-03,6
68859,70,32.94447880740869,2017-02-03,6
68859,71,38.24651911660274,2017-02-03,6
68859,72,37.61150577173451,2017-02-03,6
68859,73,35.71588305353634,2017-02-03,6
68859,74,8.482292326716806,2017-02-03,6
68859,75,9.7812744140625,2017-02-03,6
68859,76,41.89406887875357,2017-02-03,6
68859,77,27.549147418332073,2017-02-03,6
68859,78,25.408147407683323,2017-02-03,6
68859,79,37.62004259258521,2017-02-03,6
68859,80,31.163617794270813,2017-02-03,6
