segment_id,frame,speed,date,DayInWeek
68859,20,19.214947241049693,2017-05-26,6
68859,21,31.28041481215645,2017-05-26,6
68859,22,36.50090532335638,2017-05-26,6
68859,23,37.955463566189756,2017-05-26,6
68859,24,42.681885394975204,2017-05-26,6
68859,25,50.0,2017-05-26,6
68859,26,35.58089135859608,2017-05-26,6
68859,27,36.186032229424185,2017-05-26,6
68859,28,40.741244086257524,2017-05-26,6
68859,29,38.27290182158215,2017-05-26,6
68859,30,20.459221145983523,2017-05-26,6
68859,31,23.712057229673697,2017-05-26,6
68859,32,27.652612984408744,2017-05-26,6
68859,33,47.87905847676315,2017-05-26,6
68859,34,31.969569348424557,2017-05-26,6
68859,35,25.735698958978926,2017-05-26,6
68859,36,38.98143799135733,2017-05-26,6
68859,37,29.708038470888724,2017-05-26,6
68859,38,36.35010722920667,2017-05-26,6
68859,39,33.35926926797775,2017-05-26,6
68859,40,36.536473359117366,2017-05-26,6
68859,41,40.14360239828142,2017-05-26,6
68859,42,21.484724820180126,2017-05-26,6
68859,43,34.0835,2017-05-26,6
68859,44,30.15189752856437,2017-05-26,6
68859,45,35.43007518020365,2017-05-26,6
68859,46,36.64027025657411,2017-05-26,6
68859,47,39.24378484773863,2017-05-26,6
68859,48,45.629,2017-05-26,6
68859,49,40.65099306743151,2017-05-26,6
68859,50,30.20863376013215,2017-05-26,6
68859,51,26.99576436306873,2017-05-26,6
68859,52,31.365107545073244,2017-05-26,6
68859,53,32.38994338659222,2017-05-26,6
68859,54,35.0,2017-05-26,6
68859,55,33.4701796212577,2017-05-26,6
68859,56,40.24766666666667,2017-05-26,6
68859,57,35.082638266781245,2017-05-26,6
68859,58,33.915660598825895,2017-05-26,6
68859,59,29.282227797588693,2017-05-26,6
68859,60,33.51756470442637,2017-05-26,6
68859,61,21.95053679221146,2017-05-26,6
68859,62,31.70388895116724,2017-05-26,6
68859,63,14.14709958902995,2017-05-26,6
68859,64,13.76369939792218,2017-05-26,6
68859,65,28.931406161973523,2017-05-26,6
68859,66,24.25509566424735,2017-05-26,6
68859,67,12.960313790926042,2017-05-26,6
68859,68,21.47309219049381,2017-05-26,6
68859,69,13.883945519105366,2017-05-26,6
68859,70,27.901141653986144,2017-05-26,6
68859,71,31.82415901885745,2017-05-26,6
68859,72,11.46777165828057,2017-05-26,6
68859,73,31.16364485368632,2017-05-26,6
68859,74,41.04436595352085,2017-05-26,6
68859,75,13.148176902148144,2017-05-26,6
68859,76,22.17661837230615,2017-05-26,6
68859,77,37.572813359801884,2017-05-26,6
68859,78,16.626118028105225,2017-05-26,6
68859,79,27.29126190964007,2017-05-26,6
68859,80,4.909788527592381,2017-05-26,6
