segment_id,frame,speed,date,DayInWeek
68859,20,32.56043822919524,2017-04-23,1
68859,21,32.5703653954877,2017-04-23,1
68859,22,16.325853589428057,2017-04-23,1
68859,23,30.752623468197577,2017-04-23,1
68859,24,43.685497876925815,2017-04-23,1
68859,25,35.204273233557494,2017-04-23,1
68859,26,36.583113018608856,2017-04-23,1
68859,27,43.664374096312955,2017-04-23,1
68859,28,32.0515701682018,2017-04-23,1
68859,29,41.231838257976946,2017-04-23,1
68859,30,30.981815111940254,2017-04-23,1
68859,31,40.20554721602621,2017-04-23,1
68859,32,34.63142660669821,2017-04-23,1
68859,33,31.581,2017-04-23,1
68859,34,33.844500329094,2017-04-23,1
68859,35,41.439536994747314,2017-04-23,1
68859,36,38.72815571619825,2017-04-23,1
68859,37,36.27797855232231,2017-04-23,1
68859,38,45.063,2017-04-23,1
68859,39,44.41709087670083,2017-04-23,1
68859,40,43.154104854314255,2017-04-23,1
68859,41,41.34718799354232,2017-04-23,1
68859,42,37.20859681523149,2017-04-23,1
68859,43,35.79422873606216,2017-04-23,1
68859,44,34.8500863986023,2017-04-23,1
68859,45,25.583747551277646,2017-04-23,1
68859,46,40.38605682245776,2017-04-23,1
68859,47,34.943181069395784,2017-04-23,1
68859,48,38.72998483203242,2017-04-23,1
68859,49,37.16257861411179,2017-04-23,1
68859,50,40.802556398146564,2017-04-23,1
68859,51,37.22307997202083,2017-04-23,1
68859,52,35.084344824218114,2017-04-23,1
68859,53,37.59941217745499,2017-04-23,1
68859,54,37.982545318940254,2017-04-23,1
68859,55,36.75740778727149,2017-04-23,1
68859,56,39.17815321669673,2017-04-23,1
68859,57,39.676151106030815,2017-04-23,1
68859,58,36.62139895624968,2017-04-23,1
68859,59,37.711136552085826,2017-04-23,1
68859,60,39.16190769838457,2017-04-23,1
68859,61,41.54105833444915,2017-04-23,1
68859,62,34.63532431421024,2017-04-23,1
68859,63,38.90110197787426,2017-04-23,1
68859,64,40.07563522479297,2017-04-23,1
68859,65,36.94308121306005,2017-04-23,1
68859,66,34.326381900267535,2017-04-23,1
68859,67,41.75424321258782,2017-04-23,1
68859,68,38.31073645123732,2017-04-23,1
68859,69,34.84331350033964,2017-04-23,1
68859,70,36.26745931636929,2017-04-23,1
68859,71,40.55148510912922,2017-04-23,1
68859,72,30.291518470471814,2017-04-23,1
68859,73,38.7413768909415,2017-04-23,1
68859,74,46.459342894150495,2017-04-23,1
68859,75,38.66779327352351,2017-04-23,1
68859,76,35.382999999999996,2017-04-23,1
68859,77,37.94531957394683,2017-04-23,1
68859,78,37.75811695352629,2017-04-23,1
68859,79,26.546455744717257,2017-04-23,1
68859,80,5.410061256262273,2017-04-23,1
