segment_id,frame,speed,date,DayInWeek
68859,20,41.00751013796342,2017-03-03,6
68859,21,32.27309926207831,2017-03-03,6
68859,22,31.097019641233082,2017-03-03,6
68859,23,28.22165541226365,2017-03-03,6
68859,24,34.43970684938424,2017-03-03,6
68859,25,23.733931592456265,2017-03-03,6
68859,26,37.32526543897639,2017-03-03,6
68859,27,39.61135481936948,2017-03-03,6
68859,28,40.89835811594868,2017-03-03,6
68859,29,37.251905176480506,2017-03-03,6
68859,30,45.555216335103864,2017-03-03,6
68859,31,36.146675392755874,2017-03-03,6
68859,32,41.758364368976814,2017-03-03,6
68859,33,37.57954515530692,2017-03-03,6
68859,34,41.838499999999996,2017-03-03,6
68859,35,35.302023065604075,2017-03-03,6
68859,36,40.021329867184846,2017-03-03,6
68859,37,33.87625091094206,2017-03-03,6
68859,38,37.94137056723379,2017-03-03,6
68859,39,34.35354566873355,2017-03-03,6
68859,40,29.532823914480208,2017-03-03,6
68859,41,38.440326946179304,2017-03-03,6
68859,42,18.918924359793742,2017-03-03,6
68859,43,47.8605,2017-03-03,6
68859,44,32.88894151712172,2017-03-03,6
68859,45,38.08004854646434,2017-03-03,6
68859,46,36.62267294732064,2017-03-03,6
68859,47,43.883164188457016,2017-03-03,6
68859,48,42.18824403727716,2017-03-03,6
68859,49,38.78140262969235,2017-03-03,6
68859,50,43.293929078580376,2017-03-03,6
68859,51,40.382986517266986,2017-03-03,6
68859,52,39.436380902918934,2017-03-03,6
68859,53,30.475899022368946,2017-03-03,6
68859,54,34.42690001177081,2017-03-03,6
68859,55,44.69162804232288,2017-03-03,6
68859,56,34.070718339268055,2017-03-03,6
68859,57,34.6083401753314,2017-03-03,6
68859,58,27.687999999999995,2017-03-03,6
68859,59,42.686686541167575,2017-03-03,6
68859,60,38.95617127561825,2017-03-03,6
68859,61,35.94009809291026,2017-03-03,6
68859,62,41.26086857752054,2017-03-03,6
68859,63,46.916777875475134,2017-03-03,6
68859,64,43.39939780260718,2017-03-03,6
68859,65,35.46670430427162,2017-03-03,6
68859,66,36.77582462313569,2017-03-03,6
68859,67,40.263158193549486,2017-03-03,6
68859,68,32.27255969511344,2017-03-03,6
68859,69,29.759872950760276,2017-03-03,6
68859,70,19.429505344788844,2017-03-03,6
68859,71,18.874833553767225,2017-03-03,6
68859,72,45.56069228816925,2017-03-03,6
68859,73,21.893399004824566,2017-03-03,6
68859,74,28.696023523571903,2017-03-03,6
68859,75,36.293697629062756,2017-03-03,6
68859,76,34.15775409418192,2017-03-03,6
68859,77,26.17875270491829,2017-03-03,6
68859,78,34.407861535340984,2017-03-03,6
68859,79,14.22576667981113,2017-03-03,6
68859,80,17.97227864625895,2017-03-03,6
