segment_id,frame,speed,date,DayInWeek
68859,20,43.0,2017-01-08,1
68859,21,12.225515357732986,2017-01-08,1
68859,22,34.50838089205556,2017-01-08,1
68859,23,34.181543345279835,2017-01-08,1
68859,24,34.85060263869638,2017-01-08,1
68859,25,26.5,2017-01-08,1
68859,26,38.57154976957878,2017-01-08,1
68859,27,43.13923305953173,2017-01-08,1
68859,28,40.06911351204483,2017-01-08,1
68859,29,36.97200341380858,2017-01-08,1
68859,30,50.88105955455022,2017-01-08,1
68859,31,45.7332469210212,2017-01-08,1
68859,32,42.216289589446674,2017-01-08,1
68859,33,41.391127597400725,2017-01-08,1
68859,34,37.657808896388104,2017-01-08,1
68859,35,36.64291943201876,2017-01-08,1
68859,36,44.65734524561299,2017-01-08,1
68859,37,33.567499999999995,2017-01-08,1
68859,38,40.335477691548746,2017-01-08,1
68859,39,39.95517759751744,2017-01-08,1
68859,40,46.266192691672515,2017-01-08,1
68859,41,45.535693222951856,2017-01-08,1
68859,42,43.9065193267383,2017-01-08,1
68859,43,35.98418799667121,2017-01-08,1
68859,44,41.66666666666667,2017-01-08,1
68859,45,38.70489342697469,2017-01-08,1
68859,46,41.56145929289759,2017-01-08,1
68859,47,45.636251253146256,2017-01-08,1
68859,48,41.54335810337169,2017-01-08,1
68859,49,51.097342415311566,2017-01-08,1
68859,50,46.577958452098336,2017-01-08,1
68859,51,37.512349591818236,2017-01-08,1
68859,52,38.99581163015731,2017-01-08,1
68859,53,38.071760307261854,2017-01-08,1
68859,54,43.176136880619055,2017-01-08,1
68859,55,20.503760610054943,2017-01-08,1
68859,56,45.433625,2017-01-08,1
68859,57,36.14983074988826,2017-01-08,1
68859,58,41.23163644627131,2017-01-08,1
68859,59,40.663024712942104,2017-01-08,1
68859,60,38.920206868483106,2017-01-08,1
68859,61,44.296125,2017-01-08,1
68859,62,42.15849664345157,2017-01-08,1
68859,63,41.876692417420955,2017-01-08,1
68859,64,39.76404455238128,2017-01-08,1
68859,65,31.723369373960015,2017-01-08,1
68859,66,37.5781176034902,2017-01-08,1
68859,67,39.64260373096126,2017-01-08,1
68859,68,34.76587839413848,2017-01-08,1
68859,69,38.43301378256936,2017-01-08,1
68859,70,39.6775095269162,2017-01-08,1
68859,71,40.588919966204514,2017-01-08,1
68859,72,38.17000004410998,2017-01-08,1
68859,73,41.207460488734206,2017-01-08,1
68859,74,34.73914168418928,2017-01-08,1
68859,75,36.988446710182366,2017-01-08,1
68859,76,38.27559199337216,2017-01-08,1
68859,77,35.27220632906448,2017-01-08,1
68859,78,45.130556949052455,2017-01-08,1
68859,79,52.14022605222537,2017-01-08,1
68859,80,42.17463259674483,2017-01-08,1
