segment_id,frame,speed,date,DayInWeek
68859,20,39.564465625316075,2017-02-27,2
68859,21,37.33074096972847,2017-02-27,2
68859,22,32.178899545121396,2017-02-27,2
68859,23,34.112105111909585,2017-02-27,2
68859,24,43.85874660667585,2017-02-27,2
68859,25,48.955284153129256,2017-02-27,2
68859,26,42.70483601992761,2017-02-27,2
68859,27,39.81299336008918,2017-02-27,2
68859,28,49.87833110834548,2017-02-27,2
68859,29,32.306103171450374,2017-02-27,2
68859,30,37.82123773184948,2017-02-27,2
68859,31,41.826482325292844,2017-02-27,2
68859,32,38.520859006569665,2017-02-27,2
68859,33,20.00987669484923,2017-02-27,2
68859,34,36.51799318071748,2017-02-27,2
68859,35,40.046911034582024,2017-02-27,2
68859,36,47.70906202354298,2017-02-27,2
68859,37,38.653441009698525,2017-02-27,2
68859,38,39.16023893348197,2017-02-27,2
68859,39,42.59935672702262,2017-02-27,2
68859,40,43.532249654046495,2017-02-27,2
68859,41,33.46570160817957,2017-02-27,2
68859,42,39.40903797452258,2017-02-27,2
68859,43,33.695268575680075,2017-02-27,2
68859,44,32.912747362052805,2017-02-27,2
68859,45,36.85787744684322,2017-02-27,2
68859,46,38.96520857718286,2017-02-27,2
68859,47,41.73377666796202,2017-02-27,2
68859,48,42.92062036254457,2017-02-27,2
68859,49,37.33642092575528,2017-02-27,2
68859,50,32.72408844525722,2017-02-27,2
68859,51,50.88534767913636,2017-02-27,2
68859,52,38.74782142142999,2017-02-27,2
68859,53,45.140898258828614,2017-02-27,2
68859,54,40.43977691293438,2017-02-27,2
68859,55,43.535138934929705,2017-02-27,2
68859,56,42.34845836180379,2017-02-27,2
68859,57,39.72668412205441,2017-02-27,2
68859,58,38.05549472262653,2017-02-27,2
68859,59,39.73816333940934,2017-02-27,2
68859,60,35.86537854112892,2017-02-27,2
68859,61,33.21882971983653,2017-02-27,2
68859,62,38.36919656382459,2017-02-27,2
68859,63,38.667504032615625,2017-02-27,2
68859,64,41.52575102490587,2017-02-27,2
68859,65,39.486528681966234,2017-02-27,2
68859,66,32.65830890363518,2017-02-27,2
68859,67,43.292227954062405,2017-02-27,2
68859,68,37.16127240890392,2017-02-27,2
68859,69,34.056963411016945,2017-02-27,2
68859,70,47.5629779260426,2017-02-27,2
68859,71,34.69767448467236,2017-02-27,2
68859,72,38.19646881149907,2017-02-27,2
68859,73,41.5701492933322,2017-02-27,2
68859,74,37.0354531049011,2017-02-27,2
68859,75,48.11282186612655,2017-02-27,2
68859,76,32.26217402326647,2017-02-27,2
68859,77,35.37095675232135,2017-02-27,2
68859,78,37.94512201370367,2017-02-27,2
68859,79,40.96171363848875,2017-02-27,2
68859,80,27.09112353926497,2017-02-27,2
