segment_id,frame,speed,date,DayInWeek
68859,20,31.18458745218372,2017-01-05,5
68859,21,33.433975362736064,2017-01-05,5
68859,22,35.98868373897761,2017-01-05,5
68859,23,33.03401401024255,2017-01-05,5
68859,24,20.163721388516468,2017-01-05,5
68859,25,40.736000000000004,2017-01-05,5
68859,26,27.128368981018234,2017-01-05,5
68859,27,38.23382256829425,2017-01-05,5
68859,28,39.0,2017-01-05,5
68859,29,35.39576115194224,2017-01-05,5
68859,30,38.236520144356476,2017-01-05,5
68859,31,38.35948655113337,2017-01-05,5
68859,32,36.00449504896848,2017-01-05,5
68859,33,39.83768056422468,2017-01-05,5
68859,34,34.32261322775767,2017-01-05,5
68859,35,42.92675861194455,2017-01-05,5
68859,36,32.935936301211726,2017-01-05,5
68859,37,36.97357100590593,2017-01-05,5
68859,38,43.22685627113846,2017-01-05,5
68859,39,37.8745,2017-01-05,5
68859,40,32.32829781546422,2017-01-05,5
68859,41,44.896267183275626,2017-01-05,5
68859,42,44.27858785174481,2017-01-05,5
68859,43,44.01919992937027,2017-01-05,5
68859,44,39.95795815070642,2017-01-05,5
68859,45,38.080247822307506,2017-01-05,5
68859,46,45.63668418625643,2017-01-05,5
68859,47,46.57778979863637,2017-01-05,5
68859,48,43.406232341907234,2017-01-05,5
68859,49,33.7762146888338,2017-01-05,5
68859,50,41.22712425127593,2017-01-05,5
68859,51,47.50266539590821,2017-01-05,5
68859,52,41.64930824373112,2017-01-05,5
68859,53,43.16666666666667,2017-01-05,5
68859,54,34.25736366624816,2017-01-05,5
68859,55,43.79725,2017-01-05,5
68859,56,31.752362578725744,2017-01-05,5
68859,57,32.715993868212195,2017-01-05,5
68859,58,36.68871183063735,2017-01-05,5
68859,59,40.64793843304055,2017-01-05,5
68859,60,43.993040375270084,2017-01-05,5
68859,61,32.192954956674356,2017-01-05,5
68859,62,39.9118897108943,2017-01-05,5
68859,63,43.945857511309576,2017-01-05,5
68859,64,45.92345774359009,2017-01-05,5
68859,65,46.0,2017-01-05,5
68859,66,36.27875835839537,2017-01-05,5
68859,67,43.473,2017-01-05,5
68859,68,49.32155480674507,2017-01-05,5
68859,69,35.5,2017-01-05,5
68859,70,39.177671721429945,2017-01-05,5
68859,71,46.5,2017-01-05,5
68859,72,46.60556537879688,2017-01-05,5
68859,73,36.5287119620304,2017-01-05,5
68859,74,45.576764973070496,2017-01-05,5
68859,75,33.54689018732905,2017-01-05,5
68859,76,33.626053152150995,2017-01-05,5
68859,77,33.265496847525554,2017-01-05,5
68859,78,32.84803798573995,2017-01-05,5
68859,79,36.701145790304395,2017-01-05,5
68859,80,50.36608741734013,2017-01-05,5
