segment_id,frame,speed,date,DayInWeek
68859,20,40.51944488710647,2017-05-20,7
68859,21,24.77190208375218,2017-05-20,7
68859,22,26.957177452909434,2017-05-20,7
68859,23,37.57758583731949,2017-05-20,7
68859,24,38.029135672086056,2017-05-20,7
68859,25,29.369384703324965,2017-05-20,7
68859,26,32.10022031968527,2017-05-20,7
68859,27,40.469577308817925,2017-05-20,7
68859,28,35.6093025381777,2017-05-20,7
68859,29,37.230900247356615,2017-05-20,7
68859,30,40.99114290779532,2017-05-20,7
68859,31,37.436516735777886,2017-05-20,7
68859,32,49.22615270453541,2017-05-20,7
68859,33,36.0575135107034,2017-05-20,7
68859,34,38.54975852876166,2017-05-20,7
68859,35,43.554,2017-05-20,7
68859,36,37.25338481024011,2017-05-20,7
68859,37,45.236704922559554,2017-05-20,7
68859,38,33.015963925110974,2017-05-20,7
68859,39,39.60676069108919,2017-05-20,7
68859,40,31.366504603166078,2017-05-20,7
68859,41,38.30773961284828,2017-05-20,7
68859,42,38.91414594782282,2017-05-20,7
68859,43,43.86028897191349,2017-05-20,7
68859,44,39.79002203823737,2017-05-20,7
68859,45,39.948894870674636,2017-05-20,7
68859,46,38.646055286127655,2017-05-20,7
68859,47,38.71029647482517,2017-05-20,7
68859,48,34.03615352190777,2017-05-20,7
68859,49,39.91444778919599,2017-05-20,7
68859,50,48.429500000000004,2017-05-20,7
68859,51,26.918,2017-05-20,7
68859,52,37.85794982459707,2017-05-20,7
68859,53,30.082637052240756,2017-05-20,7
68859,54,30.897872159251662,2017-05-20,7
68859,55,40.23699683204854,2017-05-20,7
68859,56,36.31987503291471,2017-05-20,7
68859,57,39.4542597917904,2017-05-20,7
68859,58,36.01950662471375,2017-05-20,7
68859,59,38.69458682953061,2017-05-20,7
68859,60,35.24968249614976,2017-05-20,7
68859,61,37.99675851733381,2017-05-20,7
68859,62,42.25466987738795,2017-05-20,7
68859,63,38.945223167865976,2017-05-20,7
68859,64,33.79748308396079,2017-05-20,7
68859,65,31.211914396760417,2017-05-20,7
68859,66,40.6017198209713,2017-05-20,7
68859,67,33.81435135272812,2017-05-20,7
68859,68,34.800342740446006,2017-05-20,7
68859,69,37.64778149127794,2017-05-20,7
68859,70,38.77095491342733,2017-05-20,7
68859,71,38.97646807865862,2017-05-20,7
68859,72,29.358661691270687,2017-05-20,7
68859,73,34.89248445946703,2017-05-20,7
68859,74,33.88829140653133,2017-05-20,7
68859,75,42.90629453838604,2017-05-20,7
68859,76,44.95461764984718,2017-05-20,7
68859,77,40.61877918557152,2017-05-20,7
68859,78,21.541825758930223,2017-05-20,7
68859,79,29.94874559589873,2017-05-20,7
68859,80,33.658198692563715,2017-05-20,7
