segment_id,frame,speed,date,DayInWeek
68859,20,28.222462996662657,2017-02-01,4
68859,21,21.249330791813243,2017-02-01,4
68859,22,29.035781799507106,2017-02-01,4
68859,23,33.344866300489315,2017-02-01,4
68859,24,16.651219937304386,2017-02-01,4
68859,25,28.74592766930234,2017-02-01,4
68859,26,35.7087999339016,2017-02-01,4
68859,27,42.80230800764157,2017-02-01,4
68859,28,35.53492158918287,2017-02-01,4
68859,29,43.71379331290423,2017-02-01,4
68859,30,39.79101406457245,2017-02-01,4
68859,31,41.087612056922445,2017-02-01,4
68859,32,43.404032464090996,2017-02-01,4
68859,33,42.256865099542765,2017-02-01,4
68859,34,43.52644462942776,2017-02-01,4
68859,35,42.972737601660846,2017-02-01,4
68859,36,42.9084001117563,2017-02-01,4
68859,37,42.88100258453594,2017-02-01,4
68859,38,37.52576391671213,2017-02-01,4
68859,39,41.889791102133174,2017-02-01,4
68859,40,51.43599044928071,2017-02-01,4
68859,41,38.45936625733171,2017-02-01,4
68859,42,45.00332515836142,2017-02-01,4
68859,43,43.73518518669224,2017-02-01,4
68859,44,41.167220902206566,2017-02-01,4
68859,45,34.85360494537635,2017-02-01,4
68859,46,43.23433333333333,2017-02-01,4
68859,47,38.510054038780964,2017-02-01,4
68859,48,44.47752430926501,2017-02-01,4
68859,49,52.32519756708038,2017-02-01,4
68859,50,45.413262447990185,2017-02-01,4
68859,51,30.281057204586197,2017-02-01,4
68859,52,39.90097026768957,2017-02-01,4
68859,53,35.973068291809824,2017-02-01,4
68859,54,42.04367722678167,2017-02-01,4
68859,55,38.26076070427709,2017-02-01,4
68859,56,39.35580127846308,2017-02-01,4
68859,57,46.425891640152535,2017-02-01,4
68859,58,37.3196137341081,2017-02-01,4
68859,59,31.172502674702308,2017-02-01,4
68859,60,32.98657558629318,2017-02-01,4
68859,61,42.31275969550272,2017-02-01,4
68859,62,39.960953799606436,2017-02-01,4
68859,63,39.91741151454779,2017-02-01,4
68859,64,41.718811285092656,2017-02-01,4
68859,65,38.1945663783143,2017-02-01,4
68859,66,41.35791128883475,2017-02-01,4
68859,67,37.745486697511545,2017-02-01,4
68859,68,42.61385242407128,2017-02-01,4
68859,69,43.34052738734862,2017-02-01,4
68859,70,42.4495737822853,2017-02-01,4
68859,71,43.57743173096076,2017-02-01,4
68859,72,33.24491550061018,2017-02-01,4
68859,73,39.956877351756454,2017-02-01,4
68859,74,29.806847103141134,2017-02-01,4
68859,75,35.590817186253844,2017-02-01,4
68859,76,38.85162858681253,2017-02-01,4
68859,77,38.208589998208154,2017-02-01,4
68859,78,28.04325074798301,2017-02-01,4
68859,79,9.242800903320312,2017-02-01,4
68859,80,40.00168201986036,2017-02-01,4
