segment_id,frame,speed,date,DayInWeek
68859,20,27.884996606685448,2017-03-22,4
68859,21,36.71294114284023,2017-03-22,4
68859,22,43.92955569375826,2017-03-22,4
68859,23,35.409673654071504,2017-03-22,4
68859,24,44.755428806169775,2017-03-22,4
68859,25,44.61532628499586,2017-03-22,4
68859,26,36.92869362197214,2017-03-22,4
68859,27,37.49748331147718,2017-03-22,4
68859,28,42.56387142125351,2017-03-22,4
68859,29,44.84517382201274,2017-03-22,4
68859,30,33.5751120968056,2017-03-22,4
68859,31,44.897392620700344,2017-03-22,4
68859,32,27.8527013424115,2017-03-22,4
68859,33,30.72770868275299,2017-03-22,4
68859,34,24.142167267345208,2017-03-22,4
68859,35,21.978575639853315,2017-03-22,4
68859,36,24.3855670350031,2017-03-22,4
68859,37,45.472098305537216,2017-03-22,4
68859,38,29.01400744142174,2017-03-22,4
68859,39,36.585642696406126,2017-03-22,4
68859,40,41.4398230941212,2017-03-22,4
68859,41,37.53089677917432,2017-03-22,4
68859,42,43.38417156797853,2017-03-22,4
68859,43,32.639825143080856,2017-03-22,4
68859,44,34.908378681857826,2017-03-22,4
68859,45,26.73592398131639,2017-03-22,4
68859,46,37.0,2017-03-22,4
68859,47,43.013376782323895,2017-03-22,4
68859,48,39.292897091439045,2017-03-22,4
68859,49,43.65900826822042,2017-03-22,4
68859,50,40.252327536487385,2017-03-22,4
68859,51,38.08413628004045,2017-03-22,4
68859,52,36.09479237876245,2017-03-22,4
68859,53,39.659357905683315,2017-03-22,4
68859,54,42.9173698642711,2017-03-22,4
68859,55,38.146591064492625,2017-03-22,4
68859,56,29.28207223341529,2017-03-22,4
68859,57,49.61755509996513,2017-03-22,4
68859,58,37.04440230308268,2017-03-22,4
68859,59,44.98032494325061,2017-03-22,4
68859,60,35.595,2017-03-22,4
68859,61,40.45788116705198,2017-03-22,4
68859,62,39.400503771273904,2017-03-22,4
68859,63,46.480121901236956,2017-03-22,4
68859,64,47.53858884950802,2017-03-22,4
68859,65,44.611965710198554,2017-03-22,4
68859,66,43.608344060296915,2017-03-22,4
68859,67,36.82840303878682,2017-03-22,4
68859,68,31.7542726230935,2017-03-22,4
68859,69,30.82319397778137,2017-03-22,4
68859,70,41.540154835682074,2017-03-22,4
68859,71,45.86478890033076,2017-03-22,4
68859,72,43.85181231347465,2017-03-22,4
68859,73,40.705896048795054,2017-03-22,4
68859,74,35.500696028436025,2017-03-22,4
68859,75,39.22749540166916,2017-03-22,4
68859,76,41.5,2017-03-22,4
68859,77,32.28295994492202,2017-03-22,4
68859,78,44.65109099874449,2017-03-22,4
68859,79,36.09147818527846,2017-03-22,4
68859,80,42.47935515621297,2017-03-22,4
