segment_id,frame,speed,date,DayInWeek
68859,20,31.949110395242762,2017-03-27,2
68859,21,37.01126330637712,2017-03-27,2
68859,22,37.21120605171932,2017-03-27,2
68859,23,38.46758943241111,2017-03-27,2
68859,24,27.07474557564014,2017-03-27,2
68859,25,37.41889319250297,2017-03-27,2
68859,26,38.9653132579852,2017-03-27,2
68859,27,34.22996567782921,2017-03-27,2
68859,28,30.84378014710066,2017-03-27,2
68859,29,32.5220918946051,2017-03-27,2
68859,30,42.51691694622589,2017-03-27,2
68859,31,42.78756898135341,2017-03-27,2
68859,32,36.23551583771731,2017-03-27,2
68859,33,35.14081508418909,2017-03-27,2
68859,34,33.3470446062458,2017-03-27,2
68859,35,36.982015653005206,2017-03-27,2
68859,36,35.633772863341164,2017-03-27,2
68859,37,36.03827194699315,2017-03-27,2
68859,38,39.774129348176935,2017-03-27,2
68859,39,37.48377903257705,2017-03-27,2
68859,40,39.994607106467825,2017-03-27,2
68859,41,18.0,2017-03-27,2
68859,42,20.105962028229126,2017-03-27,2
68859,43,39.14238094939996,2017-03-27,2
68859,44,36.56208218162298,2017-03-27,2
68859,45,34.15401138062654,2017-03-27,2
68859,46,37.85664390658659,2017-03-27,2
68859,47,42.278975562359946,2017-03-27,2
68859,48,41.99838004258359,2017-03-27,2
68859,49,40.68726236009549,2017-03-27,2
68859,50,34.859356657799125,2017-03-27,2
68859,51,37.770270874214695,2017-03-27,2
68859,52,36.04284610590361,2017-03-27,2
68859,53,40.528086492020506,2017-03-27,2
68859,54,31.03879765871283,2017-03-27,2
68859,55,37.048148496649326,2017-03-27,2
68859,56,32.67877026184187,2017-03-27,2
68859,57,37.621254764303416,2017-03-27,2
68859,58,32.753748648599256,2017-03-27,2
68859,59,39.49240667419743,2017-03-27,2
68859,60,34.84128997325223,2017-03-27,2
68859,61,40.09605418775376,2017-03-27,2
68859,62,42.5966783540638,2017-03-27,2
68859,63,40.37590372649657,2017-03-27,2
68859,64,40.8665,2017-03-27,2
68859,65,39.309258324855136,2017-03-27,2
68859,66,38.950225364051335,2017-03-27,2
68859,67,36.41152595412417,2017-03-27,2
68859,68,40.76015877528432,2017-03-27,2
68859,69,36.87592349533945,2017-03-27,2
68859,70,40.944013487642195,2017-03-27,2
68859,71,33.184334510529226,2017-03-27,2
68859,72,36.53605849380085,2017-03-27,2
68859,73,38.63534546994204,2017-03-27,2
68859,74,33.76699717734752,2017-03-27,2
68859,75,39.980800591190295,2017-03-27,2
68859,76,37.76163424546019,2017-03-27,2
68859,77,46.93691130068953,2017-03-27,2
68859,78,25.121830859374107,2017-03-27,2
68859,79,39.69906671841176,2017-03-27,2
68859,80,38.0,2017-03-27,2
