segment_id,frame,speed,date,DayInWeek
68859,20,32.347496696809976,2017-03-17,6
68859,21,37.592296992620746,2017-03-17,6
68859,22,35.051956877636584,2017-03-17,6
68859,23,30.99417573398059,2017-03-17,6
68859,24,37.364648501036484,2017-03-17,6
68859,25,39.093182321383765,2017-03-17,6
68859,26,27.474160984608034,2017-03-17,6
68859,27,31.595097049636735,2017-03-17,6
68859,28,43.32513751251933,2017-03-17,6
68859,29,43.541123735921616,2017-03-17,6
68859,30,45.72246227119786,2017-03-17,6
68859,31,36.81061081906555,2017-03-17,6
68859,32,38.109746124832405,2017-03-17,6
68859,33,40.58282583131227,2017-03-17,6
68859,34,35.24208545369447,2017-03-17,6
68859,35,36.794315430517564,2017-03-17,6
68859,36,37.5906267047489,2017-03-17,6
68859,37,38.86453246565634,2017-03-17,6
68859,38,42.62597639549165,2017-03-17,6
68859,39,49.61348022652001,2017-03-17,6
68859,40,33.77736907938307,2017-03-17,6
68859,41,37.49845442254711,2017-03-17,6
68859,42,39.0093150551961,2017-03-17,6
68859,43,32.48889811216056,2017-03-17,6
68859,44,41.509291881435125,2017-03-17,6
68859,45,32.36360460912451,2017-03-17,6
68859,46,39.19222002997398,2017-03-17,6
68859,47,39.928192571836526,2017-03-17,6
68859,48,35.35385912288912,2017-03-17,6
68859,49,32.306100913755245,2017-03-17,6
68859,50,31.874559369889354,2017-03-17,6
68859,51,43.46269760416952,2017-03-17,6
68859,52,46.218732265936154,2017-03-17,6
68859,53,37.626497383001656,2017-03-17,6
68859,54,34.123877804603275,2017-03-17,6
68859,55,34.24426011233959,2017-03-17,6
68859,56,34.168954484871136,2017-03-17,6
68859,57,39.733152596945224,2017-03-17,6
68859,58,37.5221287402426,2017-03-17,6
68859,59,40.114781570666445,2017-03-17,6
68859,60,21.37658276171908,2017-03-17,6
68859,61,38.61402828486928,2017-03-17,6
68859,62,30.405863425090615,2017-03-17,6
68859,63,30.992936534423357,2017-03-17,6
68859,64,36.234144022535936,2017-03-17,6
68859,65,37.726259668579644,2017-03-17,6
68859,66,41.72102267567487,2017-03-17,6
68859,67,38.940869812382076,2017-03-17,6
68859,68,41.73017504260518,2017-03-17,6
68859,69,40.21541722480817,2017-03-17,6
68859,70,37.6432506555188,2017-03-17,6
68859,71,42.92909752880121,2017-03-17,6
68859,72,30.388710116328802,2017-03-17,6
68859,73,34.79482444150679,2017-03-17,6
68859,74,36.40841875647102,2017-03-17,6
68859,75,35.915909538895235,2017-03-17,6
68859,76,39.8015194055148,2017-03-17,6
68859,77,38.21929819999854,2017-03-17,6
68859,78,29.530522530934004,2017-03-17,6
68859,79,44.453840229946,2017-03-17,6
68859,80,29.57013165318856,2017-03-17,6
