segment_id,frame,speed,date,DayInWeek
68859,20,40.493088972208184,2017-02-16,5
68859,21,25.021876177017667,2017-02-16,5
68859,22,33.642674618115855,2017-02-16,5
68859,23,37.77908816978398,2017-02-16,5
68859,24,28.741607687781077,2017-02-16,5
68859,25,32.6214274997979,2017-02-16,5
68859,26,33.5,2017-02-16,5
68859,27,33.98111091342086,2017-02-16,5
68859,28,32.80468447760554,2017-02-16,5
68859,29,42.1998591895172,2017-02-16,5
68859,30,48.76591666666666,2017-02-16,5
68859,31,23.638787473155013,2017-02-16,5
68859,32,32.6975525804506,2017-02-16,5
68859,33,38.59366283977605,2017-02-16,5
68859,34,31.0218854316554,2017-02-16,5
68859,35,39.97455462793468,2017-02-16,5
68859,36,38.683095142036535,2017-02-16,5
68859,37,41.18133102991264,2017-02-16,5
68859,38,32.991778698074896,2017-02-16,5
68859,39,47.106973004129486,2017-02-16,5
68859,40,51.0,2017-02-16,5
68859,41,36.14871539505008,2017-02-16,5
68859,42,42.76207478476549,2017-02-16,5
68859,43,38.149008651364305,2017-02-16,5
68859,44,39.690759400091466,2017-02-16,5
68859,45,35.350481286857175,2017-02-16,5
68859,46,29.146175660144642,2017-02-16,5
68859,47,48.529934345154835,2017-02-16,5
68859,48,41.386925217560346,2017-02-16,5
68859,49,40.28469462884525,2017-02-16,5
68859,50,36.92497557030185,2017-02-16,5
68859,51,39.92573956154267,2017-02-16,5
68859,52,22.767909842787006,2017-02-16,5
68859,53,34.52666959146737,2017-02-16,5
68859,54,41.27955426426496,2017-02-16,5
68859,55,30.269563170802144,2017-02-16,5
68859,56,40.127662661307745,2017-02-16,5
68859,57,33.26849663078185,2017-02-16,5
68859,58,31.42148694912782,2017-02-16,5
68859,59,22.517783152065967,2017-02-16,5
68859,60,36.48860115785078,2017-02-16,5
68859,61,40.167592376282855,2017-02-16,5
68859,62,28.246381942992706,2017-02-16,5
68859,63,40.46967127924488,2017-02-16,5
68859,64,43.230506316511125,2017-02-16,5
68859,65,40.66622661405165,2017-02-16,5
68859,66,42.87023001525262,2017-02-16,5
68859,67,35.87008557426452,2017-02-16,5
68859,68,38.1006048398943,2017-02-16,5
68859,69,40.875546648738734,2017-02-16,5
68859,70,46.42798375087768,2017-02-16,5
68859,71,39.5281852797236,2017-02-16,5
68859,72,38.04445162839378,2017-02-16,5
68859,73,38.9098136211277,2017-02-16,5
68859,74,44.268673376022875,2017-02-16,5
68859,75,43.19908781210209,2017-02-16,5
68859,76,31.21479071949109,2017-02-16,5
68859,77,35.81360870247907,2017-02-16,5
68859,78,41.32081365600767,2017-02-16,5
68859,79,40.57030492104907,2017-02-16,5
68859,80,41.120642408820835,2017-02-16,5
