segment_id,frame,speed,date,DayInWeek
68859,20,42.86098560187438,2017-05-11,5
68859,21,44.55754388939781,2017-05-11,5
68859,22,27.096506566744054,2017-05-11,5
68859,23,32.819575822724985,2017-05-11,5
68859,24,44.872043027173625,2017-05-11,5
68859,25,31.79281409643816,2017-05-11,5
68859,26,30.369154681607718,2017-05-11,5
68859,27,34.15956719712502,2017-05-11,5
68859,28,31.248954796651113,2017-05-11,5
68859,29,30.951009913474238,2017-05-11,5
68859,30,24.49377496940949,2017-05-11,5
68859,31,35.7361695062193,2017-05-11,5
68859,32,40.04243829496943,2017-05-11,5
68859,33,35.83814445867809,2017-05-11,5
68859,34,36.6136111241412,2017-05-11,5
68859,35,36.73280499008624,2017-05-11,5
68859,36,35.08938717176212,2017-05-11,5
68859,37,17.101365040569913,2017-05-11,5
68859,38,36.60490030191363,2017-05-11,5
68859,39,27.097463648087484,2017-05-11,5
68859,40,28.307155948315874,2017-05-11,5
68859,41,31.57158541170571,2017-05-11,5
68859,42,35.63323815760004,2017-05-11,5
68859,43,46.396206864639,2017-05-11,5
68859,44,37.969026231877336,2017-05-11,5
68859,45,38.20345821548146,2017-05-11,5
68859,46,29.83231998519526,2017-05-11,5
68859,47,40.52493491340623,2017-05-11,5
68859,48,31.762557998936366,2017-05-11,5
68859,49,32.81736478651495,2017-05-11,5
68859,50,44.30279560325165,2017-05-11,5
68859,51,25.767975396386532,2017-05-11,5
68859,52,23.619188575836052,2017-05-11,5
68859,53,34.56098168002816,2017-05-11,5
68859,54,26.269785342433153,2017-05-11,5
68859,55,43.97981227585849,2017-05-11,5
68859,56,40.756036206309574,2017-05-11,5
68859,57,35.6013556483063,2017-05-11,5
68859,58,38.60611586966867,2017-05-11,5
68859,59,45.31098451440073,2017-05-11,5
68859,60,38.861324201711,2017-05-11,5
68859,61,28.825725726307198,2017-05-11,5
68859,62,35.40573124307369,2017-05-11,5
68859,63,42.304996716806755,2017-05-11,5
68859,64,29.091309922151506,2017-05-11,5
68859,65,39.43752472799811,2017-05-11,5
68859,66,39.685824127197264,2017-05-11,5
68859,67,36.00396532118887,2017-05-11,5
68859,68,36.309752041975244,2017-05-11,5
68859,69,29.297165465951437,2017-05-11,5
68859,70,40.43704176178571,2017-05-11,5
68859,71,15.739537692539743,2017-05-11,5
68859,72,31.75619835099725,2017-05-11,5
68859,73,46.78955099864069,2017-05-11,5
68859,74,35.28913750588541,2017-05-11,5
68859,75,33.603645594767585,2017-05-11,5
68859,76,38.31877033528521,2017-05-11,5
68859,77,39.030894716388474,2017-05-11,5
68859,78,35.705,2017-05-11,5
68859,79,31.539863527552342,2017-05-11,5
68859,80,4.636510918409987,2017-05-11,5
