segment_id,frame,speed,date,DayInWeek
68859,20,35.218682884245865,2017-02-18,7
68859,21,38.80686212464978,2017-02-18,7
68859,22,36.15555690766834,2017-02-18,7
68859,23,31.644860004400726,2017-02-18,7
68859,24,34.586791499193524,2017-02-18,7
68859,25,40.20610732032783,2017-02-18,7
68859,26,34.61556247049931,2017-02-18,7
68859,27,36.69833123767076,2017-02-18,7
68859,28,43.228294118434356,2017-02-18,7
68859,29,43.07796830650645,2017-02-18,7
68859,30,36.65775419319217,2017-02-18,7
68859,31,45.89738343213952,2017-02-18,7
68859,32,50.190490373272695,2017-02-18,7
68859,33,35.510887643153005,2017-02-18,7
68859,34,42.0164010395561,2017-02-18,7
68859,35,29.23963769176727,2017-02-18,7
68859,36,34.6357702412598,2017-02-18,7
68859,37,31.338159629268986,2017-02-18,7
68859,38,35.56394801424311,2017-02-18,7
68859,39,43.040956064658936,2017-02-18,7
68859,40,42.406872873687036,2017-02-18,7
68859,41,44.31714319239646,2017-02-18,7
68859,42,27.43565345290674,2017-02-18,7
68859,43,42.42290481990992,2017-02-18,7
68859,44,33.3234,2017-02-18,7
68859,45,36.3931268989877,2017-02-18,7
68859,46,40.54248875797395,2017-02-18,7
68859,47,47.098513749718336,2017-02-18,7
68859,48,41.97764934605351,2017-02-18,7
68859,49,36.491205147828325,2017-02-18,7
68859,50,30.514538192237367,2017-02-18,7
68859,51,39.776712289430435,2017-02-18,7
68859,52,39.03384138055813,2017-02-18,7
68859,53,39.016223249321555,2017-02-18,7
68859,54,35.17936820265674,2017-02-18,7
68859,55,44.98141250258405,2017-02-18,7
68859,56,44.60531129744365,2017-02-18,7
68859,57,34.646390565639386,2017-02-18,7
68859,58,36.6334999514413,2017-02-18,7
68859,59,35.99539801560754,2017-02-18,7
68859,60,35.0382107416687,2017-02-18,7
68859,61,38.48285423017208,2017-02-18,7
68859,62,43.31587162723306,2017-02-18,7
68859,63,39.34614489006876,2017-02-18,7
68859,64,43.76358089316585,2017-02-18,7
68859,65,38.10754126110221,2017-02-18,7
68859,66,38.99725028113255,2017-02-18,7
68859,67,35.348438685052784,2017-02-18,7
68859,68,46.03341114279783,2017-02-18,7
68859,69,43.28316693079826,2017-02-18,7
68859,70,43.08946196878411,2017-02-18,7
68859,71,46.397719614925,2017-02-18,7
68859,72,35.12371976182689,2017-02-18,7
68859,73,38.57294300422646,2017-02-18,7
68859,74,45.123740323059735,2017-02-18,7
68859,75,23.041209775138245,2017-02-18,7
68859,76,43.9720924559405,2017-02-18,7
68859,77,29.464647655309548,2017-02-18,7
68859,78,22.302906682329564,2017-02-18,7
68859,79,29.88144148904543,2017-02-18,7
68859,80,38.12294452757715,2017-02-18,7
