segment_id,frame,speed,date,DayInWeek
68859,20,35.77401853945946,2017-05-22,2
68859,21,27.53102568173454,2017-05-22,2
68859,22,38.28289450819756,2017-05-22,2
68859,23,24.39954736536062,2017-05-22,2
68859,24,35.28166344457061,2017-05-22,2
68859,25,37.90834037580671,2017-05-22,2
68859,26,31.79872597317386,2017-05-22,2
68859,27,32.141290463615135,2017-05-22,2
68859,28,39.76265547875789,2017-05-22,2
68859,29,45.822,2017-05-22,2
68859,30,40.083150443606456,2017-05-22,2
68859,31,31.982813347136727,2017-05-22,2
68859,32,20.275282931590617,2017-05-22,2
68859,33,44.974686600538945,2017-05-22,2
68859,34,28.3891346368723,2017-05-22,2
68859,35,33.25255640562327,2017-05-22,2
68859,36,37.9572503986244,2017-05-22,2
68859,37,25.26363151327208,2017-05-22,2
68859,38,17.670931117685946,2017-05-22,2
68859,39,39.31305176569675,2017-05-22,2
68859,40,41.051886831241994,2017-05-22,2
68859,41,34.87800568377961,2017-05-22,2
68859,42,33.70195746626801,2017-05-22,2
68859,43,41.548399926301244,2017-05-22,2
68859,44,27.520738486115775,2017-05-22,2
68859,45,37.94409780822248,2017-05-22,2
68859,46,42.90634804024508,2017-05-22,2
68859,47,39.79479512249816,2017-05-22,2
68859,48,20.057679009737075,2017-05-22,2
68859,49,39.868060294067874,2017-05-22,2
68859,50,37.45582921945177,2017-05-22,2
68859,51,45.16388946647895,2017-05-22,2
68859,52,38.67158873595529,2017-05-22,2
68859,53,35.82538852672866,2017-05-22,2
68859,54,39.52756258111691,2017-05-22,2
68859,55,40.725504500568334,2017-05-22,2
68859,56,31.450331298373612,2017-05-22,2
68859,57,35.34537932893899,2017-05-22,2
68859,58,35.090153967315885,2017-05-22,2
68859,59,43.360231822554034,2017-05-22,2
68859,60,38.26369359964096,2017-05-22,2
68859,61,32.44708205733592,2017-05-22,2
68859,62,34.482169281906515,2017-05-22,2
68859,63,40.71688620586659,2017-05-22,2
68859,64,35.5285,2017-05-22,2
68859,65,44.9775,2017-05-22,2
68859,66,39.39946149476256,2017-05-22,2
68859,67,39.247643355516125,2017-05-22,2
68859,68,36.602579143620915,2017-05-22,2
68859,69,9.161751399813829,2017-05-22,2
68859,70,9.48200301106771,2017-05-22,2
68859,71,24.97201436283801,2017-05-22,2
68859,72,40.562973334847854,2017-05-22,2
68859,73,40.5,2017-05-22,2
68859,74,42.01265059960429,2017-05-22,2
68859,75,47.0,2017-05-22,2
68859,76,36.806799999999996,2017-05-22,2
68859,77,35.09446108106241,2017-05-22,2
68859,78,19.67248976636854,2017-05-22,2
68859,79,22.93237501044409,2017-05-22,2
68859,80,28.14447584638903,2017-05-22,2
