segment_id,frame,speed,date,DayInWeek
68859,20,39.64939183998958,2017-01-22,1
68859,21,47.94505922515789,2017-01-22,1
68859,22,37.845569491011496,2017-01-22,1
68859,23,28.752887795628236,2017-01-22,1
68859,24,27.798147355039287,2017-01-22,1
68859,25,33.86140847408341,2017-01-22,1
68859,26,37.84770663112525,2017-01-22,1
68859,27,43.291997934525945,2017-01-22,1
68859,28,43.994075549228455,2017-01-22,1
68859,29,43.18879234957571,2017-01-22,1
68859,30,38.82317819211081,2017-01-22,1
68859,31,35.72757403317187,2017-01-22,1
68859,32,43.83178502839213,2017-01-22,1
68859,33,33.50980402790897,2017-01-22,1
68859,34,37.43215230977913,2017-01-22,1
68859,35,48.39734770753326,2017-01-22,1
68859,36,34.86958070805152,2017-01-22,1
68859,37,47.57935471557847,2017-01-22,1
68859,38,41.59443102121685,2017-01-22,1
68859,39,30.09137483211056,2017-01-22,1
68859,40,31.085988784455807,2017-01-22,1
68859,41,36.55320511471924,2017-01-22,1
68859,42,35.845824244729634,2017-01-22,1
68859,43,39.91927086503117,2017-01-22,1
68859,44,37.489721915445095,2017-01-22,1
68859,45,46.99424279571912,2017-01-22,1
68859,46,38.557105929050586,2017-01-22,1
68859,47,39.49200172049696,2017-01-22,1
68859,48,44.945349493048624,2017-01-22,1
68859,49,34.87752316325275,2017-01-22,1
68859,50,44.22572321650951,2017-01-22,1
68859,51,40.106299545848984,2017-01-22,1
68859,52,30.551933996932007,2017-01-22,1
68859,53,38.99854471788613,2017-01-22,1
68859,54,33.852424117505436,2017-01-22,1
68859,55,42.22327998845398,2017-01-22,1
68859,56,37.79589944474621,2017-01-22,1
68859,57,35.2804736616368,2017-01-22,1
68859,58,32.796554628513356,2017-01-22,1
68859,59,35.92932418700977,2017-01-22,1
68859,60,37.8121125840711,2017-01-22,1
68859,61,43.98183256061048,2017-01-22,1
68859,62,40.09295798370873,2017-01-22,1
68859,63,33.8390895971991,2017-01-22,1
68859,64,37.74149345316188,2017-01-22,1
68859,65,33.033674247370854,2017-01-22,1
68859,66,39.238038004989406,2017-01-22,1
68859,67,37.29804594614565,2017-01-22,1
68859,68,31.392845506699622,2017-01-22,1
68859,69,42.93343690240318,2017-01-22,1
68859,70,39.029446777960885,2017-01-22,1
68859,71,36.97403762819707,2017-01-22,1
68859,72,37.01128886451881,2017-01-22,1
68859,73,32.620000000000005,2017-01-22,1
68859,74,44.31302915648345,2017-01-22,1
68859,75,35.36800884793949,2017-01-22,1
68859,76,33.51005293361399,2017-01-22,1
68859,77,38.30660188097777,2017-01-22,1
68859,78,31.020202058522003,2017-01-22,1
68859,79,40.58395125263304,2017-01-22,1
68859,80,38.37357991480525,2017-01-22,1
