segment_id,frame,speed,date,DayInWeek
68859,20,41.21124623996103,2017-05-02,3
68859,21,24.779393787154216,2017-05-02,3
68859,22,36.05372958226391,2017-05-02,3
68859,23,39.246496532158304,2017-05-02,3
68859,24,30.410632974623184,2017-05-02,3
68859,25,40.49311953761888,2017-05-02,3
68859,26,36.9979454145559,2017-05-02,3
68859,27,37.94968705285976,2017-05-02,3
68859,28,40.00595306000895,2017-05-02,3
68859,29,42.869199830758134,2017-05-02,3
68859,30,36.81430549498688,2017-05-02,3
68859,31,25.710475345272435,2017-05-02,3
68859,32,34.92201622096924,2017-05-02,3
68859,33,38.57110238885374,2017-05-02,3
68859,34,42.36774552767095,2017-05-02,3
68859,35,40.72246554011678,2017-05-02,3
68859,36,34.05637180422206,2017-05-02,3
68859,37,31.753375,2017-05-02,3
68859,38,41.36656861241151,2017-05-02,3
68859,39,38.63418395362041,2017-05-02,3
68859,40,38.85487860466896,2017-05-02,3
68859,41,37.88242437403403,2017-05-02,3
68859,42,38.458553651395555,2017-05-02,3
68859,43,37.15260667307174,2017-05-02,3
68859,44,32.67546329320258,2017-05-02,3
68859,45,39.730000000000004,2017-05-02,3
68859,46,41.76105376576567,2017-05-02,3
68859,47,38.395444681654965,2017-05-02,3
68859,48,38.96453489630693,2017-05-02,3
68859,49,35.37936773779302,2017-05-02,3
68859,50,26.5,2017-05-02,3
68859,51,41.48309466039301,2017-05-02,3
68859,52,44.161995108037516,2017-05-02,3
68859,53,34.194881765842524,2017-05-02,3
68859,54,38.2771890116677,2017-05-02,3
68859,55,46.27927937278881,2017-05-02,3
68859,56,48.15880964238072,2017-05-02,3
68859,57,37.203619374008895,2017-05-02,3
68859,58,40.589349813731275,2017-05-02,3
68859,59,41.62664011325424,2017-05-02,3
68859,60,40.47517488439992,2017-05-02,3
68859,61,41.090634090090916,2017-05-02,3
68859,62,44.886468426825175,2017-05-02,3
68859,63,38.765789138504175,2017-05-02,3
68859,64,39.77813527609084,2017-05-02,3
68859,65,23.80618920026548,2017-05-02,3
68859,66,37.343276425312666,2017-05-02,3
68859,67,37.614339579778914,2017-05-02,3
68859,68,38.85924424712813,2017-05-02,3
68859,69,39.249827111225386,2017-05-02,3
68859,70,37.98873400407446,2017-05-02,3
68859,71,46.89626595479288,2017-05-02,3
68859,72,32.71930495454921,2017-05-02,3
68859,73,21.994634967589167,2017-05-02,3
68859,74,40.47868884092439,2017-05-02,3
68859,75,19.493625915916823,2017-05-02,3
68859,76,19.57523040714586,2017-05-02,3
68859,77,32.955184921287405,2017-05-02,3
68859,78,39.807459694618565,2017-05-02,3
68859,79,24.893344425717217,2017-05-02,3
68859,80,38.51556227851461,2017-05-02,3
