segment_id,frame,speed,date,DayInWeek
68859,20,43.06289060738206,2017-04-15,7
68859,21,38.87471355727707,2017-04-15,7
68859,22,24.180825885401468,2017-04-15,7
68859,23,28.83449104633455,2017-04-15,7
68859,24,24.93370439295218,2017-04-15,7
68859,25,33.258346752873145,2017-04-15,7
68859,26,39.260096202011006,2017-04-15,7
68859,27,39.01486525870639,2017-04-15,7
68859,28,41.35394046366898,2017-04-15,7
68859,29,38.78464224609645,2017-04-15,7
68859,30,23.100135385688148,2017-04-15,7
68859,31,29.010992267247985,2017-04-15,7
68859,32,20.157725682982434,2017-04-15,7
68859,33,34.58738921514232,2017-04-15,7
68859,34,31.372531407822784,2017-04-15,7
68859,35,46.596718878780464,2017-04-15,7
68859,36,19.432083405050165,2017-04-15,7
68859,37,18.948467606040275,2017-04-15,7
68859,38,20.398741894421498,2017-04-15,7
68859,39,33.76714295321529,2017-04-15,7
68859,40,41.337321464378846,2017-04-15,7
68859,41,27.776290700973274,2017-04-15,7
68859,42,35.699970740399735,2017-04-15,7
68859,43,32.351609851964945,2017-04-15,7
68859,44,21.332722142549784,2017-04-15,7
68859,45,41.29460562704201,2017-04-15,7
68859,46,31.94161561590192,2017-04-15,7
68859,47,44.0,2017-04-15,7
68859,48,49.7785356751151,2017-04-15,7
68859,49,33.91439020036763,2017-04-15,7
68859,50,31.559254063457573,2017-04-15,7
68859,51,13.756319811128622,2017-04-15,7
68859,52,34.59453369410967,2017-04-15,7
68859,53,34.29761998577867,2017-04-15,7
68859,54,48.70500391381381,2017-04-15,7
68859,55,27.256508731151172,2017-04-15,7
68859,56,39.795249999999996,2017-04-15,7
68859,57,38.8572159351414,2017-04-15,7
68859,58,26.481089567049317,2017-04-15,7
68859,59,47.662098410514496,2017-04-15,7
68859,60,37.85251836346841,2017-04-15,7
68859,61,35.113069370221204,2017-04-15,7
68859,62,37.4803764232055,2017-04-15,7
68859,63,25.098517253896773,2017-04-15,7
68859,64,41.27813293069458,2017-04-15,7
68859,65,38.125539571843774,2017-04-15,7
68859,66,38.47307465655966,2017-04-15,7
68859,67,32.336941267268685,2017-04-15,7
68859,68,40.4324773408335,2017-04-15,7
68859,69,29.31083005797425,2017-04-15,7
68859,70,31.249026756128465,2017-04-15,7
68859,71,34.93890509386789,2017-04-15,7
68859,72,40.867590365008105,2017-04-15,7
68859,73,40.84921633477388,2017-04-15,7
68859,74,20.107474039040895,2017-04-15,7
68859,75,12.261669149605025,2017-04-15,7
68859,76,32.28101080598894,2017-04-15,7
68859,77,4.661506717568829,2017-04-15,7
68859,78,35.88784049435699,2017-04-15,7
68859,79,20.81522046304717,2017-04-15,7
68859,80,30.967303301377274,2017-04-15,7
