segment_id,frame,speed,date,DayInWeek
68859,20,32.25362380697559,2017-01-17,3
68859,21,37.37955375638525,2017-01-17,3
68859,22,41.75042230349015,2017-01-17,3
68859,23,31.502618454494474,2017-01-17,3
68859,24,33.258037422103875,2017-01-17,3
68859,25,35.26209334544666,2017-01-17,3
68859,26,33.600086665520436,2017-01-17,3
68859,27,36.59239158760342,2017-01-17,3
68859,28,41.876671183491155,2017-01-17,3
68859,29,32.83381852663685,2017-01-17,3
68859,30,32.80059776193609,2017-01-17,3
68859,31,45.68622746901568,2017-01-17,3
68859,32,40.87882956002966,2017-01-17,3
68859,33,41.327598281728264,2017-01-17,3
68859,34,35.453114502019574,2017-01-17,3
68859,35,29.1676613790923,2017-01-17,3
68859,36,32.65875508346899,2017-01-17,3
68859,37,35.01874889055537,2017-01-17,3
68859,38,35.61825769680081,2017-01-17,3
68859,39,39.205586690261796,2017-01-17,3
68859,40,36.724343361855546,2017-01-17,3
68859,41,39.05940811575081,2017-01-17,3
68859,42,32.37997549076228,2017-01-17,3
68859,43,40.09741378404473,2017-01-17,3
68859,44,34.20254988274009,2017-01-17,3
68859,45,37.447398944302805,2017-01-17,3
68859,46,37.77447463013992,2017-01-17,3
68859,47,35.12453136484334,2017-01-17,3
68859,48,24.267676395168536,2017-01-17,3
68859,49,39.253552222541764,2017-01-17,3
68859,50,36.79852885287318,2017-01-17,3
68859,51,40.48628747932701,2017-01-17,3
68859,52,36.102818658486825,2017-01-17,3
68859,53,47.66729927773063,2017-01-17,3
68859,54,40.74396203886427,2017-01-17,3
68859,55,37.80767495949881,2017-01-17,3
68859,56,26.003724706389956,2017-01-17,3
68859,57,31.656491800249093,2017-01-17,3
68859,58,47.4991138650678,2017-01-17,3
68859,59,33.25961541001266,2017-01-17,3
68859,60,38.23694361235588,2017-01-17,3
68859,61,45.31500936188799,2017-01-17,3
68859,62,32.49635671266174,2017-01-17,3
68859,63,40.40981074646092,2017-01-17,3
68859,64,45.56605141143023,2017-01-17,3
68859,65,19.27917725159699,2017-01-17,3
68859,66,31.259438474901554,2017-01-17,3
68859,67,34.93286521701636,2017-01-17,3
68859,68,42.01350758316305,2017-01-17,3
68859,69,24.060271838414415,2017-01-17,3
68859,70,46.55021835728041,2017-01-17,3
68859,71,37.25600791948361,2017-01-17,3
68859,72,44.53025274209733,2017-01-17,3
68859,73,49.16666666666667,2017-01-17,3
68859,74,42.26982918530748,2017-01-17,3
68859,75,37.42511694658701,2017-01-17,3
68859,76,26.110725475528078,2017-01-17,3
68859,77,16.479420844461604,2017-01-17,3
68859,78,18.280182370809648,2017-01-17,3
68859,79,42.48997297571528,2017-01-17,3
68859,80,36.719052570784115,2017-01-17,3
