segment_id,frame,speed,date,DayInWeek
68859,20,35.857336612772045,2017-01-06,6
68859,21,41.635039159085345,2017-01-06,6
68859,22,32.06727325183066,2017-01-06,6
68859,23,27.136405587148886,2017-01-06,6
68859,24,24.186302102581386,2017-01-06,6
68859,25,35.10897586193141,2017-01-06,6
68859,26,47.33333333333333,2017-01-06,6
68859,27,39.028321533214424,2017-01-06,6
68859,28,40.17640421262239,2017-01-06,6
68859,29,32.633017013727425,2017-01-06,6
68859,30,42.55621131505198,2017-01-06,6
68859,31,48.109747793153105,2017-01-06,6
68859,32,31.69276766043881,2017-01-06,6
68859,33,44.71052772015742,2017-01-06,6
68859,34,43.15183001868344,2017-01-06,6
68859,35,40.26494763888487,2017-01-06,6
68859,36,44.89908029038959,2017-01-06,6
68859,37,37.02623059365442,2017-01-06,6
68859,38,48.4245509986407,2017-01-06,6
68859,39,38.16742320844608,2017-01-06,6
68859,40,42.59,2017-01-06,6
68859,41,39.57284143807008,2017-01-06,6
68859,42,40.98885763725424,2017-01-06,6
68859,43,36.68386343932984,2017-01-06,6
68859,44,34.90732337093628,2017-01-06,6
68859,45,48.858244248782796,2017-01-06,6
68859,46,39.47396488887437,2017-01-06,6
68859,47,33.962928719128655,2017-01-06,6
68859,48,43.92374117847302,2017-01-06,6
68859,49,34.393628915289,2017-01-06,6
68859,50,41.013211115759006,2017-01-06,6
68859,51,46.054041147739284,2017-01-06,6
68859,52,41.533700211722035,2017-01-06,6
68859,53,37.213375,2017-01-06,6
68859,54,37.93725,2017-01-06,6
68859,55,42.84623282716312,2017-01-06,6
68859,56,44.48258856104861,2017-01-06,6
68859,57,39.14027820221685,2017-01-06,6
68859,58,43.572974106049415,2017-01-06,6
68859,59,42.08217013461059,2017-01-06,6
68859,60,36.95993830333018,2017-01-06,6
68859,61,41.541878967275174,2017-01-06,6
68859,62,43.51146661250516,2017-01-06,6
68859,63,27.513078399669947,2017-01-06,6
68859,64,35.67523430873143,2017-01-06,6
68859,65,43.0,2017-01-06,6
68859,66,41.54524066119849,2017-01-06,6
68859,67,36.30525370372772,2017-01-06,6
68859,68,37.827208296578725,2017-01-06,6
68859,69,31.42712303063816,2017-01-06,6
68859,70,38.53866298555465,2017-01-06,6
68859,71,44.38733333333333,2017-01-06,6
68859,72,41.8622055407932,2017-01-06,6
68859,73,46.86313432810253,2017-01-06,6
68859,74,28.382123597339913,2017-01-06,6
68859,75,34.721517077827464,2017-01-06,6
68859,76,35.0,2017-01-06,6
68859,77,38.12261443173823,2017-01-06,6
68859,78,48.0,2017-01-06,6
68859,79,55.93993434515484,2017-01-06,6
68859,80,41.80782190374333,2017-01-06,6
