segment_id,frame,speed,date,DayInWeek
68859,20,40.72065158368315,2017-02-24,6
68859,21,31.541999762489848,2017-02-24,6
68859,22,35.849682476005086,2017-02-24,6
68859,23,38.49263137599206,2017-02-24,6
68859,24,20.76606784453694,2017-02-24,6
68859,25,32.16926114569089,2017-02-24,6
68859,26,30.473160279187823,2017-02-24,6
68859,27,40.71838985707454,2017-02-24,6
68859,28,44.807553976045966,2017-02-24,6
68859,29,38.40002511426074,2017-02-24,6
68859,30,20.80803671087169,2017-02-24,6
68859,31,33.62857391585247,2017-02-24,6
68859,32,36.44023122141264,2017-02-24,6
68859,33,32.35799014564674,2017-02-24,6
68859,34,42.15446906301759,2017-02-24,6
68859,35,39.30983300754833,2017-02-24,6
68859,36,34.5012962929673,2017-02-24,6
68859,37,37.57749166116546,2017-02-24,6
68859,38,42.37370341007052,2017-02-24,6
68859,39,43.574409391685066,2017-02-24,6
68859,40,33.32965372177395,2017-02-24,6
68859,41,39.89686714603399,2017-02-24,6
68859,42,39.615851750664106,2017-02-24,6
68859,43,43.94766194134715,2017-02-24,6
68859,44,37.915562899870935,2017-02-24,6
68859,45,36.181689997874265,2017-02-24,6
68859,46,41.391586760366465,2017-02-24,6
68859,47,39.83893149678663,2017-02-24,6
68859,48,35.90395862714908,2017-02-24,6
68859,49,46.59500038868232,2017-02-24,6
68859,50,37.11929704306283,2017-02-24,6
68859,51,39.48402082739983,2017-02-24,6
68859,52,22.33383333333333,2017-02-24,6
68859,53,35.61945228957483,2017-02-24,6
68859,54,38.8655,2017-02-24,6
68859,55,36.70900610332448,2017-02-24,6
68859,56,39.922865125873074,2017-02-24,6
68859,57,40.963563593446985,2017-02-24,6
68859,58,37.79044414405032,2017-02-24,6
68859,59,43.13850571934457,2017-02-24,6
68859,60,40.50423769381655,2017-02-24,6
68859,61,30.510239412894542,2017-02-24,6
68859,62,40.56461308785902,2017-02-24,6
68859,63,46.986616509996395,2017-02-24,6
68859,64,43.32093548843518,2017-02-24,6
68859,65,43.85477106033945,2017-02-24,6
68859,66,38.61029121675339,2017-02-24,6
68859,67,35.66992722528738,2017-02-24,6
68859,68,42.570216220872894,2017-02-24,6
68859,69,35.80751779557874,2017-02-24,6
68859,70,37.20630803100088,2017-02-24,6
68859,71,35.22921814588949,2017-02-24,6
68859,72,37.86705228863769,2017-02-24,6
68859,73,46.54857211279244,2017-02-24,6
68859,74,41.441,2017-02-24,6
68859,75,28.855138203340353,2017-02-24,6
68859,76,37.85598734508339,2017-02-24,6
68859,77,46.57412920805654,2017-02-24,6
68859,78,38.5,2017-02-24,6
68859,79,34.3068349058848,2017-02-24,6
68859,80,38.71642193844896,2017-02-24,6
