segment_id,frame,speed,date,DayInWeek
68859,20,39.88830256217973,2017-03-10,6
68859,21,42.0668473181111,2017-03-10,6
68859,22,31.635858695556358,2017-03-10,6
68859,23,42.32071474748355,2017-03-10,6
68859,24,27.143,2017-03-10,6
68859,25,45.78265359698315,2017-03-10,6
68859,26,37.99382986545112,2017-03-10,6
68859,27,38.262601450231,2017-03-10,6
68859,28,40.51384905417184,2017-03-10,6
68859,29,45.73485960832046,2017-03-10,6
68859,30,46.937466977407425,2017-03-10,6
68859,31,36.55274254668363,2017-03-10,6
68859,32,41.66798435428703,2017-03-10,6
68859,33,37.822541076754405,2017-03-10,6
68859,34,32.546935532423504,2017-03-10,6
68859,35,37.40308333161259,2017-03-10,6
68859,36,36.23253381395618,2017-03-10,6
68859,37,40.37413124624703,2017-03-10,6
68859,38,38.27892831434011,2017-03-10,6
68859,39,40.92862274172208,2017-03-10,6
68859,40,32.841350119266764,2017-03-10,6
68859,41,39.198185722666395,2017-03-10,6
68859,42,41.11040255556085,2017-03-10,6
68859,43,35.18899098504791,2017-03-10,6
68859,44,42.60337663318133,2017-03-10,6
68859,45,39.440415802468735,2017-03-10,6
68859,46,37.45544155093176,2017-03-10,6
68859,47,28.592566970302485,2017-03-10,6
68859,48,48.599429948265836,2017-03-10,6
68859,49,47.425,2017-03-10,6
68859,50,40.05727995476171,2017-03-10,6
68859,51,46.57166902374826,2017-03-10,6
68859,52,39.92474215436572,2017-03-10,6
68859,53,35.13824845052127,2017-03-10,6
68859,54,38.588095923210496,2017-03-10,6
68859,55,43.22907831452888,2017-03-10,6
68859,56,40.741201098795386,2017-03-10,6
68859,57,45.42228719481732,2017-03-10,6
68859,58,45.06691154782555,2017-03-10,6
68859,59,45.30485241175634,2017-03-10,6
68859,60,44.485512533257875,2017-03-10,6
68859,61,35.30437588101421,2017-03-10,6
68859,62,35.233734006128174,2017-03-10,6
68859,63,43.72657569437095,2017-03-10,6
68859,64,35.36835587443922,2017-03-10,6
68859,65,38.09936464427909,2017-03-10,6
68859,66,38.33485130748625,2017-03-10,6
68859,67,31.325576773728994,2017-03-10,6
68859,68,37.99317201953646,2017-03-10,6
68859,69,39.45707075064517,2017-03-10,6
68859,70,30.81238184079251,2017-03-10,6
68859,71,42.31033522444781,2017-03-10,6
68859,72,43.11760297431053,2017-03-10,6
68859,73,44.91498836377403,2017-03-10,6
68859,74,34.34830566007567,2017-03-10,6
68859,75,39.63116969784567,2017-03-10,6
68859,76,20.41988618373335,2017-03-10,6
68859,77,44.17024895759,2017-03-10,6
68859,78,30.612566377898894,2017-03-10,6
68859,79,42.0,2017-03-10,6
68859,80,24.0,2017-03-10,6
