segment_id,frame,speed,date,DayInWeek
68859,20,47.66355062879328,2017-04-19,4
68859,21,34.40646600080012,2017-04-19,4
68859,22,37.169359422561826,2017-04-19,4
68859,23,23.742115633499125,2017-04-19,4
68859,24,37.56451534678641,2017-04-19,4
68859,25,46.04658748492426,2017-04-19,4
68859,26,34.99114402395995,2017-04-19,4
68859,27,42.64557956929424,2017-04-19,4
68859,28,39.526313477917256,2017-04-19,4
68859,29,42.28147686726025,2017-04-19,4
68859,30,36.62401007757507,2017-04-19,4
68859,31,41.56564891595096,2017-04-19,4
68859,32,34.684818825357596,2017-04-19,4
68859,33,22.22518917982751,2017-04-19,4
68859,34,39.183120896138206,2017-04-19,4
68859,35,37.94775797151879,2017-04-19,4
68859,36,30.135578548499588,2017-04-19,4
68859,37,41.17607570821332,2017-04-19,4
68859,38,27.825090441397613,2017-04-19,4
68859,39,34.14258650780266,2017-04-19,4
68859,40,18.84228454842667,2017-04-19,4
68859,41,36.360558445348744,2017-04-19,4
68859,42,25.879871162439038,2017-04-19,4
68859,43,43.32550393976862,2017-04-19,4
68859,44,41.02156420730542,2017-04-19,4
68859,45,39.13465687671215,2017-04-19,4
68859,46,26.534784426980256,2017-04-19,4
68859,47,44.21390113856422,2017-04-19,4
68859,48,35.11578549906214,2017-04-19,4
68859,49,44.52654705703385,2017-04-19,4
68859,50,32.07772614664685,2017-04-19,4
68859,51,38.32286080696882,2017-04-19,4
68859,52,30.20962282498385,2017-04-19,4
68859,53,23.98750926001138,2017-04-19,4
68859,54,37.91625054803028,2017-04-19,4
68859,55,35.72295681242531,2017-04-19,4
68859,56,37.506708831548465,2017-04-19,4
68859,57,26.238500000000002,2017-04-19,4
68859,58,32.72029046221183,2017-04-19,4
68859,59,44.57145674674761,2017-04-19,4
68859,60,32.21706713329283,2017-04-19,4
68859,61,31.990997743295917,2017-04-19,4
68859,62,32.04486990012985,2017-04-19,4
68859,63,35.57164754012208,2017-04-19,4
68859,64,38.33724869527713,2017-04-19,4
68859,65,19.238544732410315,2017-04-19,4
68859,66,39.97002439645259,2017-04-19,4
68859,67,40.55417210656013,2017-04-19,4
68859,68,34.261123551621324,2017-04-19,4
68859,69,30.17929780039168,2017-04-19,4
68859,70,42.80014831991852,2017-04-19,4
68859,71,10.513594883864126,2017-04-19,4
68859,72,28.63603277326559,2017-04-19,4
68859,73,29.051155075568104,2017-04-19,4
68859,74,30.300892585692008,2017-04-19,4
68859,75,22.61817931169245,2017-04-19,4
68859,76,13.658611356601497,2017-04-19,4
68859,77,18.46597526518313,2017-04-19,4
68859,78,6.114750191128154,2017-04-19,4
68859,79,27.12187730060379,2017-04-19,4
68859,80,23.724325953527604,2017-04-19,4
