segment_id,frame,speed,date,DayInWeek
68859,20,37.36226316195352,2017-04-24,2
68859,21,37.57571249863797,2017-04-24,2
68859,22,27.269411002026885,2017-04-24,2
68859,23,29.42445386829315,2017-04-24,2
68859,24,39.282706436969264,2017-04-24,2
68859,25,34.94858740376977,2017-04-24,2
68859,26,36.06972120277213,2017-04-24,2
68859,27,43.82528706984715,2017-04-24,2
68859,28,34.59222586256865,2017-04-24,2
68859,29,30.915792014905264,2017-04-24,2
68859,30,44.42809813039371,2017-04-24,2
68859,31,38.88900538141739,2017-04-24,2
68859,32,34.87683205240353,2017-04-24,2
68859,33,47.202413729277986,2017-04-24,2
68859,34,40.44956273093076,2017-04-24,2
68859,35,41.856730450265694,2017-04-24,2
68859,36,34.1631698640346,2017-04-24,2
68859,37,33.89468665573723,2017-04-24,2
68859,38,37.84966329744852,2017-04-24,2
68859,39,45.95461968146682,2017-04-24,2
68859,40,37.089784311550616,2017-04-24,2
68859,41,36.40939992213127,2017-04-24,2
68859,42,44.72517198456196,2017-04-24,2
68859,43,41.77539169926041,2017-04-24,2
68859,44,37.16240610380828,2017-04-24,2
68859,45,34.75671143117324,2017-04-24,2
68859,46,41.416684180381935,2017-04-24,2
68859,47,39.21551846179753,2017-04-24,2
68859,48,43.74033559788733,2017-04-24,2
68859,49,40.75534900551389,2017-04-24,2
68859,50,35.19827563833701,2017-04-24,2
68859,51,37.346702595044654,2017-04-24,2
68859,52,44.88295279830193,2017-04-24,2
68859,53,39.91865445181759,2017-04-24,2
68859,54,49.77493071178742,2017-04-24,2
68859,55,43.333333333333336,2017-04-24,2
68859,56,42.70136528196628,2017-04-24,2
68859,57,34.67633834897987,2017-04-24,2
68859,58,32.71635638209664,2017-04-24,2
68859,59,37.79061659759819,2017-04-24,2
68859,60,40.701329996144096,2017-04-24,2
68859,61,39.988589975274245,2017-04-24,2
68859,62,31.372753381750627,2017-04-24,2
68859,63,40.814020968133605,2017-04-24,2
68859,64,31.21993167974833,2017-04-24,2
68859,65,40.164854723920804,2017-04-24,2
68859,66,33.99525322888649,2017-04-24,2
68859,67,40.725998131897065,2017-04-24,2
68859,68,35.96009303934261,2017-04-24,2
68859,69,38.81037279294888,2017-04-24,2
68859,70,35.77628494859934,2017-04-24,2
68859,71,39.390569512148204,2017-04-24,2
68859,72,31.30658140484908,2017-04-24,2
68859,73,36.76362915857467,2017-04-24,2
68859,74,34.79808018638818,2017-04-24,2
68859,75,35.29451370934934,2017-04-24,2
68859,76,38.7597197880601,2017-04-24,2
68859,77,41.422174617538424,2017-04-24,2
68859,78,11.992700142287756,2017-04-24,2
68859,79,0.226593017578125,2017-04-24,2
68859,80,18.96803733400612,2017-04-24,2
