segment_id,frame,speed,date,DayInWeek
68859,20,32.07407393809628,2017-02-04,7
68859,21,36.769374927474395,2017-02-04,7
68859,22,35.47990308415402,2017-02-04,7
68859,23,34.82530573015431,2017-02-04,7
68859,24,45.209156218263914,2017-02-04,7
68859,25,31.65580118045775,2017-02-04,7
68859,26,37.16248376296005,2017-02-04,7
68859,27,44.77371455585522,2017-02-04,7
68859,28,39.22997205604812,2017-02-04,7
68859,29,40.68559806680568,2017-02-04,7
68859,30,33.894440631536085,2017-02-04,7
68859,31,41.68455049468142,2017-02-04,7
68859,32,33.80330833411301,2017-02-04,7
68859,33,43.30709350268825,2017-02-04,7
68859,34,40.5,2017-02-04,7
68859,35,38.54021118635512,2017-02-04,7
68859,36,29.28834495869152,2017-02-04,7
68859,37,38.48685954771937,2017-02-04,7
68859,38,40.3057852262546,2017-02-04,7
68859,39,32.44522752528802,2017-02-04,7
68859,40,37.70921470769409,2017-02-04,7
68859,41,34.09346993089873,2017-02-04,7
68859,42,37.26080228375728,2017-02-04,7
68859,43,42.5207016810903,2017-02-04,7
68859,44,38.5288179123077,2017-02-04,7
68859,45,40.102650041436746,2017-02-04,7
68859,46,48.20444676377613,2017-02-04,7
68859,47,46.788296944723,2017-02-04,7
68859,48,34.082728981134885,2017-02-04,7
68859,49,43.829617956375685,2017-02-04,7
68859,50,43.58106481999053,2017-02-04,7
68859,51,44.58243637816171,2017-02-04,7
68859,52,38.0,2017-02-04,7
68859,53,43.931882035235844,2017-02-04,7
68859,54,39.803019601566234,2017-02-04,7
68859,55,29.203367283123757,2017-02-04,7
68859,56,45.459857677517846,2017-02-04,7
68859,57,42.43700482912368,2017-02-04,7
68859,58,36.358036286505765,2017-02-04,7
68859,59,32.448668821263794,2017-02-04,7
68859,60,37.96494378174749,2017-02-04,7
68859,61,48.98256223099312,2017-02-04,7
68859,62,36.75010958810795,2017-02-04,7
68859,63,45.89422793223241,2017-02-04,7
68859,64,35.69432221972527,2017-02-04,7
68859,65,44.39108220118608,2017-02-04,7
68859,66,37.922720313831526,2017-02-04,7
68859,67,39.17460253793271,2017-02-04,7
68859,68,38.91459481061948,2017-02-04,7
68859,69,35.79681629837241,2017-02-04,7
68859,70,52.464,2017-02-04,7
68859,71,28.57600982993575,2017-02-04,7
68859,72,38.30036261479606,2017-02-04,7
68859,73,38.09200216829539,2017-02-04,7
68859,74,35.6375269161977,2017-02-04,7
68859,75,34.33579549493725,2017-02-04,7
68859,76,29.022834382429615,2017-02-04,7
68859,77,35.85440733681766,2017-02-04,7
68859,78,26.790253735572094,2017-02-04,7
68859,79,36.62563143199486,2017-02-04,7
68859,80,50.65370183219991,2017-02-04,7
