segment_id,frame,speed,date,DayInWeek
68859,20,31.375609109355008,2017-03-11,7
68859,21,42.598590960106044,2017-03-11,7
68859,22,45.05018716329363,2017-03-11,7
68859,23,27.58621457705715,2017-03-11,7
68859,24,40.79684636987834,2017-03-11,7
68859,25,40.69528396588035,2017-03-11,7
68859,26,40.387243615886234,2017-03-11,7
68859,27,31.002355915502157,2017-03-11,7
68859,28,37.394025222438515,2017-03-11,7
68859,29,38.650514706257795,2017-03-11,7
68859,30,44.72475345805728,2017-03-11,7
68859,31,39.99638096361247,2017-03-11,7
68859,32,40.92922613474045,2017-03-11,7
68859,33,42.41757932016691,2017-03-11,7
68859,34,23.32971784231929,2017-03-11,7
68859,35,33.82696648781603,2017-03-11,7
68859,36,38.775859374647055,2017-03-11,7
68859,37,35.00017985043888,2017-03-11,7
68859,38,41.68237879620742,2017-03-11,7
68859,39,39.682640152987354,2017-03-11,7
68859,40,38.06462414028801,2017-03-11,7
68859,41,36.571547356547015,2017-03-11,7
68859,42,41.57039234429057,2017-03-11,7
68859,43,48.96016153576949,2017-03-11,7
68859,44,46.2378919889844,2017-03-11,7
68859,45,38.98462977976311,2017-03-11,7
68859,46,33.03704462869965,2017-03-11,7
68859,47,37.51654527900797,2017-03-11,7
68859,48,41.32815266653342,2017-03-11,7
68859,49,29.453015329847773,2017-03-11,7
68859,50,47.4293162326849,2017-03-11,7
68859,51,47.776122054115405,2017-03-11,7
68859,52,38.25337637129493,2017-03-11,7
68859,53,48.09087168976973,2017-03-11,7
68859,54,37.107481491673994,2017-03-11,7
68859,55,37.916345548672524,2017-03-11,7
68859,56,42.6285,2017-03-11,7
68859,57,36.87875775842285,2017-03-11,7
68859,58,28.056368295388094,2017-03-11,7
68859,59,33.7774651757004,2017-03-11,7
68859,60,33.48756327651397,2017-03-11,7
68859,61,35.29155741587074,2017-03-11,7
68859,62,42.87288311535117,2017-03-11,7
68859,63,36.744597578887905,2017-03-11,7
68859,64,44.533505614028215,2017-03-11,7
68859,65,38.03665257791562,2017-03-11,7
68859,66,38.314681540163996,2017-03-11,7
68859,67,37.046606124852886,2017-03-11,7
68859,68,37.7703297096549,2017-03-11,7
68859,69,37.824695919994795,2017-03-11,7
68859,70,40.84030718973065,2017-03-11,7
68859,71,38.65567826117221,2017-03-11,7
68859,72,40.3414083378712,2017-03-11,7
68859,73,36.89573135045795,2017-03-11,7
68859,74,27.737883805705486,2017-03-11,7
68859,75,30.446883673341652,2017-03-11,7
68859,76,32.726940634444794,2017-03-11,7
68859,77,39.06703769948467,2017-03-11,7
68859,78,38.0557492596472,2017-03-11,7
68859,79,36.27813214514305,2017-03-11,7
68859,80,43.70141123999809,2017-03-11,7
