segment_id,frame,speed,date,DayInWeek
68859,20,35.91491364190434,2017-04-16,1
68859,21,40.07204805484578,2017-04-16,1
68859,22,26.58332319508233,2017-04-16,1
68859,23,28.51187669433198,2017-04-16,1
68859,24,32.24657315110119,2017-04-16,1
68859,25,34.0997460326231,2017-04-16,1
68859,26,23.673010136663844,2017-04-16,1
68859,27,33.49470942219052,2017-04-16,1
68859,28,31.318476297308976,2017-04-16,1
68859,29,26.321491666667256,2017-04-16,1
68859,30,38.153810988454325,2017-04-16,1
68859,31,32.112566377898894,2017-04-16,1
68859,32,43.313068752942705,2017-04-16,1
68859,33,32.51751556482307,2017-04-16,1
68859,34,35.66661347179146,2017-04-16,1
68859,35,39.075174038504215,2017-04-16,1
68859,36,44.38752063499068,2017-04-16,1
68859,37,40.68579164537563,2017-04-16,1
68859,38,43.72578536390295,2017-04-16,1
68859,39,39.70508220329499,2017-04-16,1
68859,40,37.66444699173189,2017-04-16,1
68859,41,37.22780781382202,2017-04-16,1
68859,42,41.1244752630502,2017-04-16,1
68859,43,40.09709396494286,2017-04-16,1
68859,44,38.04762577788969,2017-04-16,1
68859,45,42.89909778832146,2017-04-16,1
68859,46,46.41409617734229,2017-04-16,1
68859,47,39.141326518345636,2017-04-16,1
68859,48,42.04213620729616,2017-04-16,1
68859,49,41.96099871675166,2017-04-16,1
68859,50,33.69257944623472,2017-04-16,1
68859,51,44.87362621477419,2017-04-16,1
68859,52,43.85191595324429,2017-04-16,1
68859,53,38.416476224799304,2017-04-16,1
68859,54,33.041371566120766,2017-04-16,1
68859,55,38.471801415224014,2017-04-16,1
68859,56,40.645680536578,2017-04-16,1
68859,57,46.13694015027217,2017-04-16,1
68859,58,43.306212377075596,2017-04-16,1
68859,59,38.418432273283834,2017-04-16,1
68859,60,35.710393165619415,2017-04-16,1
68859,61,25.690796463160257,2017-04-16,1
68859,62,23.8251365473793,2017-04-16,1
68859,63,14.252349571195179,2017-04-16,1
68859,64,18.751461305081595,2017-04-16,1
68859,65,39.68490193237292,2017-04-16,1
68859,66,37.835805730031225,2017-04-16,1
68859,67,38.40015334323699,2017-04-16,1
68859,68,42.40156120527547,2017-04-16,1
68859,69,38.78335271981702,2017-04-16,1
68859,70,41.664104504098326,2017-04-16,1
68859,71,36.52499948588704,2017-04-16,1
68859,72,40.328285995331605,2017-04-16,1
68859,73,24.472617803777112,2017-04-16,1
68859,74,34.77140851284346,2017-04-16,1
68859,75,42.3026606461396,2017-04-16,1
68859,76,41.57149480114097,2017-04-16,1
68859,77,41.38949633138253,2017-04-16,1
68859,78,36.764719045540716,2017-04-16,1
68859,79,30.18164252413857,2017-04-16,1
68859,80,35.713772509326624,2017-04-16,1
