segment_id,frame,speed,date,DayInWeek
68859,20,35.09144089337045,2017-02-05,1
68859,21,34.217671574153684,2017-02-05,1
68859,22,28.00735211131474,2017-02-05,1
68859,23,41.82808396055,2017-02-05,1
68859,24,43.26447360451922,2017-02-05,1
68859,25,42.34210850388631,2017-02-05,1
68859,26,41.96748174501438,2017-02-05,1
68859,27,31.802249548456615,2017-02-05,1
68859,28,45.616306352839956,2017-02-05,1
68859,29,36.76967828896356,2017-02-05,1
68859,30,38.493378004858386,2017-02-05,1
68859,31,40.673974679559485,2017-02-05,1
68859,32,35.240436980784814,2017-02-05,1
68859,33,39.581591092635236,2017-02-05,1
68859,34,31.074626328333544,2017-02-05,1
68859,35,33.787127781248785,2017-02-05,1
68859,36,47.128145426780804,2017-02-05,1
68859,37,38.922973305871864,2017-02-05,1
68859,38,38.62482963062792,2017-02-05,1
68859,39,37.822451951241845,2017-02-05,1
68859,40,38.67672147543418,2017-02-05,1
68859,41,38.646271576401105,2017-02-05,1
68859,42,39.62634899310941,2017-02-05,1
68859,43,39.94075374779526,2017-02-05,1
68859,44,34.31939987362648,2017-02-05,1
68859,45,38.50903090500903,2017-02-05,1
68859,46,46.60526026967426,2017-02-05,1
68859,47,39.7021382022304,2017-02-05,1
68859,48,42.95543414731263,2017-02-05,1
68859,49,42.9464661896469,2017-02-05,1
68859,50,46.85297766204124,2017-02-05,1
68859,51,34.75421882245401,2017-02-05,1
68859,52,37.06737988262131,2017-02-05,1
68859,53,45.391775540616464,2017-02-05,1
68859,54,45.16134838208329,2017-02-05,1
68859,55,40.096224394417106,2017-02-05,1
68859,56,46.46122936181955,2017-02-05,1
68859,57,23.94140551181536,2017-02-05,1
68859,58,37.99970742242594,2017-02-05,1
68859,59,42.19127209853446,2017-02-05,1
68859,60,38.09192445317553,2017-02-05,1
68859,61,42.76797152510372,2017-02-05,1
68859,62,39.02437978124483,2017-02-05,1
68859,63,41.29829414940191,2017-02-05,1
68859,64,45.56995114303509,2017-02-05,1
68859,65,43.53785854443602,2017-02-05,1
68859,66,34.344233579068586,2017-02-05,1
68859,67,39.27894049834991,2017-02-05,1
68859,68,44.26827984768066,2017-02-05,1
68859,69,43.486489017350515,2017-02-05,1
68859,70,38.303092368881515,2017-02-05,1
68859,71,46.41433498993153,2017-02-05,1
68859,72,37.090612857679474,2017-02-05,1
68859,73,33.28865151880044,2017-02-05,1
68859,74,41.61196836398561,2017-02-05,1
68859,75,33.49328215965697,2017-02-05,1
68859,76,44.97034990799804,2017-02-05,1
68859,77,16.87158858497819,2017-02-05,1
68859,78,34.423991964065365,2017-02-05,1
68859,79,17.48365473037247,2017-02-05,1
68859,80,11.05424358299633,2017-02-05,1
