segment_id,frame,speed,date,DayInWeek
68859,20,27.141115167269593,2017-03-08,4
68859,21,36.981322842800225,2017-03-08,4
68859,22,41.025624328369084,2017-03-08,4
68859,23,25.834129430163802,2017-03-08,4
68859,24,8.572474140924298,2017-03-08,4
68859,25,41.574689224004544,2017-03-08,4
68859,26,17.025840179734423,2017-03-08,4
68859,27,32.412494107737096,2017-03-08,4
68859,28,12.630034524236088,2017-03-08,4
68859,29,28.02851911742811,2017-03-08,4
68859,30,32.53914784341804,2017-03-08,4
68859,31,38.272700781028604,2017-03-08,4
68859,32,35.08551612973723,2017-03-08,4
68859,33,38.52027245867113,2017-03-08,4
68859,34,20.947923588837142,2017-03-08,4
68859,35,31.82093739891272,2017-03-08,4
68859,36,25.496637326205565,2017-03-08,4
68859,37,35.109956039309566,2017-03-08,4
68859,38,42.80692184597318,2017-03-08,4
68859,39,36.79892302392024,2017-03-08,4
68859,40,28.46070923877039,2017-03-08,4
68859,41,11.120485492745122,2017-03-08,4
68859,42,35.253249060978064,2017-03-08,4
68859,43,5.3845916290283204,2017-03-08,4
68859,44,41.154432719297404,2017-03-08,4
68859,45,33.946022650193015,2017-03-08,4
68859,46,42.95831324466701,2017-03-08,4
68859,47,42.12348362381921,2017-03-08,4
68859,48,33.21255426888791,2017-03-08,4
68859,49,22.183182926378244,2017-03-08,4
68859,50,31.909244581401296,2017-03-08,4
68859,51,17.18401351996647,2017-03-08,4
68859,52,38.853340941019155,2017-03-08,4
68859,53,23.256549022119895,2017-03-08,4
68859,54,34.357839639059044,2017-03-08,4
68859,55,37.94979897872473,2017-03-08,4
68859,56,39.1131879590154,2017-03-08,4
68859,57,38.12786705209519,2017-03-08,4
68859,58,33.89478140207945,2017-03-08,4
68859,59,43.301168224735775,2017-03-08,4
68859,60,21.448607154859175,2017-03-08,4
68859,61,13.419452667236328,2017-03-08,4
68859,62,38.69203375040462,2017-03-08,4
68859,63,35.09513880363914,2017-03-08,4
68859,64,28.612841514020552,2017-03-08,4
68859,65,23.91233696739748,2017-03-08,4
68859,66,32.080054059817805,2017-03-08,4
68859,67,23.12368339236731,2017-03-08,4
68859,68,30.011266403463395,2017-03-08,4
68859,69,22.21635280259768,2017-03-08,4
68859,70,32.92331823258102,2017-03-08,4
68859,71,9.970181513442048,2017-03-08,4
68859,72,31.771306503119927,2017-03-08,4
68859,73,36.764685048426585,2017-03-08,4
68859,74,27.434364302408333,2017-03-08,4
68859,75,22.097109728724426,2017-03-08,4
68859,76,23.039653324351853,2017-03-08,4
68859,77,37.328136898869246,2017-03-08,4
68859,78,33.8685584233305,2017-03-08,4
68859,79,13.583145114104472,2017-03-08,4
68859,80,25.744385536376207,2017-03-08,4
