segment_id,frame,speed,date,DayInWeek
68859,20,45.44282203719069,2017-02-17,6
68859,21,30.795032580609053,2017-02-17,6
68859,22,39.7477396985162,2017-02-17,6
68859,23,38.940528916621986,2017-02-17,6
68859,24,27.775999624574077,2017-02-17,6
68859,25,39.52316077039425,2017-02-17,6
68859,26,47.6935,2017-02-17,6
68859,27,30.032731536934413,2017-02-17,6
68859,28,43.19493161614861,2017-02-17,6
68859,29,36.556972318343554,2017-02-17,6
68859,30,29.57473709308467,2017-02-17,6
68859,31,35.62060144893605,2017-02-17,6
68859,32,29.166390945530473,2017-02-17,6
68859,33,37.13647969093664,2017-02-17,6
68859,34,35.27903155629731,2017-02-17,6
68859,35,36.602343830035075,2017-02-17,6
68859,36,39.60732232068507,2017-02-17,6
68859,37,40.913290941131095,2017-02-17,6
68859,38,38.34059328268782,2017-02-17,6
68859,39,38.498875,2017-02-17,6
68859,40,45.467330785921135,2017-02-17,6
68859,41,46.294639104679234,2017-02-17,6
68859,42,37.7255494101602,2017-02-17,6
68859,43,45.0562645007968,2017-02-17,6
68859,44,34.251556387121326,2017-02-17,6
68859,45,36.3725479313709,2017-02-17,6
68859,46,42.29907374141485,2017-02-17,6
68859,47,36.38158071146019,2017-02-17,6
68859,48,40.363970356538715,2017-02-17,6
68859,49,21.20821080744945,2017-02-17,6
68859,50,35.451650267328276,2017-02-17,6
68859,51,28.470001275382238,2017-02-17,6
68859,52,30.046595166066314,2017-02-17,6
68859,53,39.76659176523714,2017-02-17,6
68859,54,14.515632316739268,2017-02-17,6
68859,55,39.80849398187462,2017-02-17,6
68859,56,38.14454584328567,2017-02-17,6
68859,57,35.287630064938696,2017-02-17,6
68859,58,34.770032871606816,2017-02-17,6
68859,59,26.88462066000296,2017-02-17,6
68859,60,38.41233055213221,2017-02-17,6
68859,61,37.295254549309064,2017-02-17,6
68859,62,40.35024801887475,2017-02-17,6
68859,63,43.051610142541676,2017-02-17,6
68859,64,44.2675895704496,2017-02-17,6
68859,65,39.035449472484615,2017-02-17,6
68859,66,37.50808083158197,2017-02-17,6
68859,67,42.564394917358726,2017-02-17,6
68859,68,39.54346323875565,2017-02-17,6
68859,69,43.5012250655884,2017-02-17,6
68859,70,41.26124124766967,2017-02-17,6
68859,71,41.88631028233592,2017-02-17,6
68859,72,38.66110361719686,2017-02-17,6
68859,73,36.961166666666664,2017-02-17,6
68859,74,26.62963068346935,2017-02-17,6
68859,75,16.968955222217254,2017-02-17,6
68859,76,15.006591179525888,2017-02-17,6
68859,77,0.2140045166015625,2017-02-17,6
68859,78,31.134321787205657,2017-02-17,6
68859,79,48.03311161408433,2017-02-17,6
68859,80,38.585766417463894,2017-02-17,6
