segment_id,frame,speed,date,DayInWeek
68859,20,39.652502223074414,2017-02-22,4
68859,21,38.59419635857671,2017-02-22,4
68859,22,33.584504004611986,2017-02-22,4
68859,23,31.95217838294745,2017-02-22,4
68859,24,42.52026095088028,2017-02-22,4
68859,25,48.387599185042646,2017-02-22,4
68859,26,31.858241624474225,2017-02-22,4
68859,27,40.533710443478384,2017-02-22,4
68859,28,37.39997256898399,2017-02-22,4
68859,29,36.03477244359233,2017-02-22,4
68859,30,46.99325,2017-02-22,4
68859,31,38.49533450477361,2017-02-22,4
68859,32,38.50311857528873,2017-02-22,4
68859,33,34.155485824041435,2017-02-22,4
68859,34,45.32351960307156,2017-02-22,4
68859,35,39.693,2017-02-22,4
68859,36,39.24080441679116,2017-02-22,4
68859,37,36.112444841021585,2017-02-22,4
68859,38,37.725165782419985,2017-02-22,4
68859,39,41.203474859620286,2017-02-22,4
68859,40,34.838942484731845,2017-02-22,4
68859,41,42.412166666666664,2017-02-22,4
68859,42,38.49225266127542,2017-02-22,4
68859,43,27.3585609034171,2017-02-22,4
68859,44,45.69305195312593,2017-02-22,4
68859,45,44.530638513907654,2017-02-22,4
68859,46,38.915150088917464,2017-02-22,4
68859,47,39.34225,2017-02-22,4
68859,48,29.25671929266694,2017-02-22,4
68859,49,40.651931992209875,2017-02-22,4
68859,50,37.75316054990184,2017-02-22,4
68859,51,33.07372313485243,2017-02-22,4
68859,52,42.594419416616205,2017-02-22,4
68859,53,38.16330235148253,2017-02-22,4
68859,54,38.859142458095704,2017-02-22,4
68859,55,34.60823757344474,2017-02-22,4
68859,56,47.18123721727072,2017-02-22,4
68859,57,42.443,2017-02-22,4
68859,58,38.010308396591185,2017-02-22,4
68859,59,46.237080948579184,2017-02-22,4
68859,60,39.51255584241055,2017-02-22,4
68859,61,37.763092254828805,2017-02-22,4
68859,62,40.37110366955243,2017-02-22,4
68859,63,38.8497476468125,2017-02-22,4
68859,64,44.36651553791953,2017-02-22,4
68859,65,35.195785587325915,2017-02-22,4
68859,66,42.35857850002031,2017-02-22,4
68859,67,42.071243894929495,2017-02-22,4
68859,68,37.69833333333333,2017-02-22,4
68859,69,27.97921555883783,2017-02-22,4
68859,70,31.647884900418745,2017-02-22,4
68859,71,32.254888991797955,2017-02-22,4
68859,72,46.19880298884786,2017-02-22,4
68859,73,32.59308652455064,2017-02-22,4
68859,74,32.81438611626342,2017-02-22,4
68859,75,38.78810153985276,2017-02-22,4
68859,76,28.622467418897884,2017-02-22,4
68859,77,14.272094608118827,2017-02-22,4
68859,78,52.704603403872795,2017-02-22,4
68859,79,38.96027086490429,2017-02-22,4
68859,80,36.298140514728615,2017-02-22,4
