segment_id,frame,speed,date,DayInWeek
68859,20,43.39709142592772,2017-02-23,5
68859,21,30.52593721565408,2017-02-23,5
68859,22,30.419559627973527,2017-02-23,5
68859,23,33.83452318957535,2017-02-23,5
68859,24,31.18185300273746,2017-02-23,5
68859,25,47.00991172670287,2017-02-23,5
68859,26,41.18270524353875,2017-02-23,5
68859,27,39.47338829244289,2017-02-23,5
68859,28,41.312698973203396,2017-02-23,5
68859,29,40.466126777248945,2017-02-23,5
68859,30,39.20697265190866,2017-02-23,5
68859,31,34.916693336453115,2017-02-23,5
68859,32,44.36300280394251,2017-02-23,5
68859,33,31.208648560816528,2017-02-23,5
68859,34,37.68316200778936,2017-02-23,5
68859,35,42.61801035861302,2017-02-23,5
68859,36,45.67864119012435,2017-02-23,5
68859,37,37.0,2017-02-23,5
68859,38,44.37083179827691,2017-02-23,5
68859,39,40.820985480155755,2017-02-23,5
68859,40,31.57863227044163,2017-02-23,5
68859,41,36.643375377175694,2017-02-23,5
68859,42,36.74637348263212,2017-02-23,5
68859,43,43.17956635259209,2017-02-23,5
68859,44,40.68330987327744,2017-02-23,5
68859,45,46.284013887165024,2017-02-23,5
68859,46,39.53682083904605,2017-02-23,5
68859,47,41.54196037250858,2017-02-23,5
68859,48,41.04887017487984,2017-02-23,5
68859,49,43.398756204924595,2017-02-23,5
68859,50,38.89790330780812,2017-02-23,5
68859,51,37.08773021870645,2017-02-23,5
68859,52,40.900999999999996,2017-02-23,5
68859,53,39.0070319849513,2017-02-23,5
68859,54,33.187202354960434,2017-02-23,5
68859,55,35.803098909867025,2017-02-23,5
68859,56,36.20201990135638,2017-02-23,5
68859,57,41.9871923988817,2017-02-23,5
68859,58,40.98206664416143,2017-02-23,5
68859,59,43.13559998202899,2017-02-23,5
68859,60,39.95469210724962,2017-02-23,5
68859,61,44.700530086615636,2017-02-23,5
68859,62,40.006542728241484,2017-02-23,5
68859,63,41.12130112652022,2017-02-23,5
68859,64,37.68570868532168,2017-02-23,5
68859,65,41.389977444732594,2017-02-23,5
68859,66,40.1368192659936,2017-02-23,5
68859,67,39.2552398428832,2017-02-23,5
68859,68,35.78310045107651,2017-02-23,5
68859,69,37.12684802876285,2017-02-23,5
68859,70,49.04623472479838,2017-02-23,5
68859,71,35.3439330280229,2017-02-23,5
68859,72,39.78911610601905,2017-02-23,5
68859,73,52.693495168064615,2017-02-23,5
68859,74,36.73089911773843,2017-02-23,5
68859,75,32.29723630847429,2017-02-23,5
68859,76,33.51737490764383,2017-02-23,5
68859,77,19.082025263365594,2017-02-23,5
68859,78,0.698214687233776,2017-02-23,5
68859,79,21.158710888698025,2017-02-23,5
68859,80,44.35952780167228,2017-02-23,5
