segment_id,frame,speed,date,DayInWeek
68859,20,39.79957582567641,2017-05-10,4
68859,21,37.624868229037176,2017-05-10,4
68859,22,34.1373164849671,2017-05-10,4
68859,23,40.779523287802334,2017-05-10,4
68859,24,34.98060764215648,2017-05-10,4
68859,25,32.942610716868835,2017-05-10,4
68859,26,28.52389178243144,2017-05-10,4
68859,27,35.41584789192915,2017-05-10,4
68859,28,36.29984838181973,2017-05-10,4
68859,29,37.72968236453956,2017-05-10,4
68859,30,35.97868884092439,2017-05-10,4
68859,31,39.67136526141704,2017-05-10,4
68859,32,34.17428029575656,2017-05-10,4
68859,33,44.23614610051174,2017-05-10,4
68859,34,39.01965455974627,2017-05-10,4
68859,35,44.05933450107853,2017-05-10,4
68859,36,37.95368804587888,2017-05-10,4
68859,37,38.30671620563081,2017-05-10,4
68859,38,38.5,2017-05-10,4
68859,39,36.5534415183932,2017-05-10,4
68859,40,37.43012622330099,2017-05-10,4
68859,41,27.633003490423842,2017-05-10,4
68859,42,44.58216538635805,2017-05-10,4
68859,43,37.00090299529259,2017-05-10,4
68859,44,31.61217846751115,2017-05-10,4
68859,45,35.13338964658732,2017-05-10,4
68859,46,43.19578034349608,2017-05-10,4
68859,47,35.23774030869462,2017-05-10,4
68859,48,42.02161033571487,2017-05-10,4
68859,49,42.680843308946805,2017-05-10,4
68859,50,51.55943381168051,2017-05-10,4
68859,51,42.51661486704844,2017-05-10,4
68859,52,44.66436579366594,2017-05-10,4
68859,53,38.26197500214069,2017-05-10,4
68859,54,26.866771189761003,2017-05-10,4
68859,55,33.56442765371063,2017-05-10,4
68859,56,37.28716661230341,2017-05-10,4
68859,57,41.33024323252175,2017-05-10,4
68859,58,26.64161695527479,2017-05-10,4
68859,59,43.0,2017-05-10,4
68859,60,40.78202144751585,2017-05-10,4
68859,61,36.247280151739176,2017-05-10,4
68859,62,40.30395711914106,2017-05-10,4
68859,63,42.041854293751356,2017-05-10,4
68859,64,50.95918472680498,2017-05-10,4
68859,65,33.07690143668965,2017-05-10,4
68859,66,35.26081207287487,2017-05-10,4
68859,67,40.89975,2017-05-10,4
68859,68,41.26865430633495,2017-05-10,4
68859,69,49.01755711502612,2017-05-10,4
68859,70,51.05249350138979,2017-05-10,4
68859,71,30.27968146814112,2017-05-10,4
68859,72,31.472710281932386,2017-05-10,4
68859,73,26.308930711787426,2017-05-10,4
68859,74,33.25475260712471,2017-05-10,4
68859,75,38.77573383031097,2017-05-10,4
68859,76,34.88115836213357,2017-05-10,4
68859,77,43.58364481284207,2017-05-10,4
68859,78,27.17646483885177,2017-05-10,4
68859,79,30.16193452642533,2017-05-10,4
68859,80,18.992354985552208,2017-05-10,4
