segment_id,frame,speed,date,DayInWeek
68859,20,34.50507429168613,2017-01-23,2
68859,21,21.530808450717743,2017-01-23,2
68859,22,41.20715367747074,2017-01-23,2
68859,23,34.14988094939996,2017-01-23,2
68859,24,34.794563643406676,2017-01-23,2
68859,25,39.5,2017-01-23,2
68859,26,35.84249089731008,2017-01-23,2
68859,27,45.372950270799194,2017-01-23,2
68859,28,40.390188770337616,2017-01-23,2
68859,29,33.978258187016664,2017-01-23,2
68859,30,36.66266814311133,2017-01-23,2
68859,31,44.40097510597079,2017-01-23,2
68859,32,37.29303097026935,2017-01-23,2
68859,33,39.30227388569693,2017-01-23,2
68859,34,33.76727750419081,2017-01-23,2
68859,35,38.53366849597713,2017-01-23,2
68859,36,30.578416974574345,2017-01-23,2
68859,37,34.39426502285431,2017-01-23,2
68859,38,35.553954593452204,2017-01-23,2
68859,39,31.918630438357773,2017-01-23,2
68859,40,33.37516174327843,2017-01-23,2
68859,41,33.98778496212239,2017-01-23,2
68859,42,38.42159136706686,2017-01-23,2
68859,43,36.07875311284988,2017-01-23,2
68859,44,36.434108466182614,2017-01-23,2
68859,45,31.356153456664423,2017-01-23,2
68859,46,36.2936826297704,2017-01-23,2
68859,47,36.341801196645974,2017-01-23,2
68859,48,38.68121493087364,2017-01-23,2
68859,49,40.541364316377184,2017-01-23,2
68859,50,42.76049306841611,2017-01-23,2
68859,51,40.870374590426664,2017-01-23,2
68859,52,32.20269659250008,2017-01-23,2
68859,53,41.54961522935064,2017-01-23,2
68859,54,44.837774033696775,2017-01-23,2
68859,55,34.67426142586859,2017-01-23,2
68859,56,33.24835554282285,2017-01-23,2
68859,57,43.51417209716439,2017-01-23,2
68859,58,39.3567303995787,2017-01-23,2
68859,59,35.44726859352697,2017-01-23,2
68859,60,32.67833848074548,2017-01-23,2
68859,61,31.889002874558116,2017-01-23,2
68859,62,31.90534182902809,2017-01-23,2
68859,63,42.34174654486896,2017-01-23,2
68859,64,41.924083462272456,2017-01-23,2
68859,65,36.618248410398735,2017-01-23,2
68859,66,43.18,2017-01-23,2
68859,67,35.01112371333845,2017-01-23,2
68859,68,49.37812160530125,2017-01-23,2
68859,69,37.0462318063326,2017-01-23,2
68859,70,41.324920898947454,2017-01-23,2
68859,71,42.23581845714694,2017-01-23,2
68859,72,36.07287124229583,2017-01-23,2
68859,73,31.50948485610603,2017-01-23,2
68859,74,35.636299942650126,2017-01-23,2
68859,75,35.1503873707372,2017-01-23,2
68859,76,35.01699602098314,2017-01-23,2
68859,77,36.39800172203189,2017-01-23,2
68859,78,34.622712987022084,2017-01-23,2
68859,79,45.26388368763202,2017-01-23,2
68859,80,21.118749292640427,2017-01-23,2
