segment_id,frame,speed,date,DayInWeek
68859,20,29.360263864235847,2017-03-29,4
68859,21,29.647221723358776,2017-03-29,4
68859,22,43.62658491577217,2017-03-29,4
68859,23,23.86919720448026,2017-03-29,4
68859,24,25.785510456162445,2017-03-29,4
68859,25,22.31655786764356,2017-03-29,4
68859,26,33.87514857184483,2017-03-29,4
68859,27,36.064465898802254,2017-03-29,4
68859,28,42.75283530229393,2017-03-29,4
68859,29,20.940132535408456,2017-03-29,4
68859,30,43.675734542381576,2017-03-29,4
68859,31,38.16106238154548,2017-03-29,4
68859,32,36.41352322264828,2017-03-29,4
68859,33,34.59396646566575,2017-03-29,4
68859,34,28.27185832055478,2017-03-29,4
68859,35,34.40028334311869,2017-03-29,4
68859,36,29.790574137838597,2017-03-29,4
68859,37,31.42563134055874,2017-03-29,4
68859,38,45.54492717515393,2017-03-29,4
68859,39,34.64888532444309,2017-03-29,4
68859,40,40.6091748042717,2017-03-29,4
68859,41,23.263539196468898,2017-03-29,4
68859,42,41.9618317697296,2017-03-29,4
68859,43,24.66504988917012,2017-03-29,4
68859,44,29.327857750760657,2017-03-29,4
68859,45,33.78979214153375,2017-03-29,4
68859,46,34.57136993225718,2017-03-29,4
68859,47,35.58760824595567,2017-03-29,4
68859,48,35.09092319982692,2017-03-29,4
68859,49,38.890540526120304,2017-03-29,4
68859,50,40.629347290380785,2017-03-29,4
68859,51,38.98860875570432,2017-03-29,4
68859,52,22.26685882419143,2017-03-29,4
68859,53,47.6376002803347,2017-03-29,4
68859,54,36.37185083494221,2017-03-29,4
68859,55,42.288981963548395,2017-03-29,4
68859,56,21.490480524492884,2017-03-29,4
68859,57,40.413905916293864,2017-03-29,4
68859,58,42.0,2017-03-29,4
68859,59,25.324031855774837,2017-03-29,4
68859,60,31.78170561601479,2017-03-29,4
68859,61,44.77022378309408,2017-03-29,4
68859,62,27.411483902143758,2017-03-29,4
68859,63,43.26848208813135,2017-03-29,4
68859,64,34.18133036109238,2017-03-29,4
68859,65,40.484308394288625,2017-03-29,4
68859,66,45.14893372226595,2017-03-29,4
68859,67,35.223295488748825,2017-03-29,4
68859,68,33.84778537277806,2017-03-29,4
68859,69,40.50343105103015,2017-03-29,4
68859,70,27.835751373095086,2017-03-29,4
68859,71,39.099959858084155,2017-03-29,4
68859,72,38.16690734908015,2017-03-29,4
68859,73,42.40782233326273,2017-03-29,4
68859,74,32.62223123538644,2017-03-29,4
68859,75,22.538156772139025,2017-03-29,4
68859,76,38.85883965838805,2017-03-29,4
68859,77,36.13556703500309,2017-03-29,4
68859,78,32.526202621139106,2017-03-29,4
68859,79,28.646573818327205,2017-03-29,4
68859,80,5.109137398856027,2017-03-29,4
