segment_id,frame,speed,date,DayInWeek
68859,20,29.220298767089844,2017-05-21,1
68859,21,36.415477234872114,2017-05-21,1
68859,22,43.73662120962959,2017-05-21,1
68859,23,34.93160163272377,2017-05-21,1
68859,24,36.353445877553526,2017-05-21,1
68859,25,44.073120895849584,2017-05-21,1
68859,26,38.21786791811711,2017-05-21,1
68859,27,37.0,2017-05-21,1
68859,28,41.43147697887131,2017-05-21,1
68859,29,37.18661846166357,2017-05-21,1
68859,30,31.222937091606276,2017-05-21,1
68859,31,41.250647304225765,2017-05-21,1
68859,32,40.15299905295541,2017-05-21,1
68859,33,41.74649966599807,2017-05-21,1
68859,34,29.185161602905207,2017-05-21,1
68859,35,33.5291988169659,2017-05-21,1
68859,36,34.32191450024199,2017-05-21,1
68859,37,35.27764109546543,2017-05-21,1
68859,38,39.8365,2017-05-21,1
68859,39,41.424106304711856,2017-05-21,1
68859,40,36.61667217938805,2017-05-21,1
68859,41,38.74452194196957,2017-05-21,1
68859,42,39.324896902920514,2017-05-21,1
68859,43,35.38409790404107,2017-05-21,1
68859,44,40.70286592620296,2017-05-21,1
68859,45,31.637149156144712,2017-05-21,1
68859,46,39.91030946548818,2017-05-21,1
68859,47,39.83363138800498,2017-05-21,1
68859,48,40.899459328737265,2017-05-21,1
68859,49,43.09317909606918,2017-05-21,1
68859,50,29.90649427849271,2017-05-21,1
68859,51,43.69989453314166,2017-05-21,1
68859,52,41.76825591599574,2017-05-21,1
68859,53,34.825756885682225,2017-05-21,1
68859,54,33.86605002020527,2017-05-21,1
68859,55,38.86940324464233,2017-05-21,1
68859,56,38.80463506973314,2017-05-21,1
68859,57,44.69646965862698,2017-05-21,1
68859,58,35.67093817202296,2017-05-21,1
68859,59,35.28276397382234,2017-05-21,1
68859,60,37.351881260789725,2017-05-21,1
68859,61,31.439106295628513,2017-05-21,1
68859,62,34.0008436797091,2017-05-21,1
68859,63,40.976133803298886,2017-05-21,1
68859,64,40.82580578236947,2017-05-21,1
68859,65,43.123094096890824,2017-05-21,1
68859,66,43.36779382338173,2017-05-21,1
68859,67,36.34548933027747,2017-05-21,1
68859,68,37.412079450429964,2017-05-21,1
68859,69,22.577329876951893,2017-05-21,1
68859,70,35.31072216739588,2017-05-21,1
68859,71,33.123757100432016,2017-05-21,1
68859,72,20.57700569031327,2017-05-21,1
68859,73,36.713882422990636,2017-05-21,1
68859,74,37.41754598467186,2017-05-21,1
68859,75,31.28282154319406,2017-05-21,1
68859,76,41.87370341007052,2017-05-21,1
68859,77,23.31399410327098,2017-05-21,1
68859,78,47.19161725354528,2017-05-21,1
68859,79,26.406414059239104,2017-05-21,1
68859,80,25.66967636408428,2017-05-21,1
