segment_id,frame,speed,date,DayInWeek
68859,20,46.260934873277435,2017-01-19,5
68859,21,37.85436838052274,2017-01-19,5
68859,22,31.574530413618653,2017-01-19,5
68859,23,35.455083333333334,2017-01-19,5
68859,24,38.2051697536581,2017-01-19,5
68859,25,43.10437935357558,2017-01-19,5
68859,26,40.96606426422136,2017-01-19,5
68859,27,43.7831771954982,2017-01-19,5
68859,28,33.74073071214837,2017-01-19,5
68859,29,36.8396804942165,2017-01-19,5
68859,30,30.853651982390897,2017-01-19,5
68859,31,41.877411272133386,2017-01-19,5
68859,32,31.673877979260006,2017-01-19,5
68859,33,33.55141919361729,2017-01-19,5
68859,34,39.952033878940355,2017-01-19,5
68859,35,32.18586363324515,2017-01-19,5
68859,36,41.48760263221352,2017-01-19,5
68859,37,38.8929691056029,2017-01-19,5
68859,38,36.34704447623125,2017-01-19,5
68859,39,36.9762323947792,2017-01-19,5
68859,40,31.853446790833807,2017-01-19,5
68859,41,39.96000367560789,2017-01-19,5
68859,42,35.47837084642441,2017-01-19,5
68859,43,34.70271588560218,2017-01-19,5
68859,44,34.60697153720012,2017-01-19,5
68859,45,34.33473726874136,2017-01-19,5
68859,46,32.05212618529487,2017-01-19,5
68859,47,40.003373815876614,2017-01-19,5
68859,48,47.10034532281033,2017-01-19,5
68859,49,41.96051204658079,2017-01-19,5
68859,50,43.0315,2017-01-19,5
68859,51,31.26398235010597,2017-01-19,5
68859,52,44.181328494303635,2017-01-19,5
68859,53,33.83725811514955,2017-01-19,5
68859,54,36.293510002566286,2017-01-19,5
68859,55,42.76307752906135,2017-01-19,5
68859,56,43.60714979422969,2017-01-19,5
68859,57,34.42832987725221,2017-01-19,5
68859,58,40.02218948836447,2017-01-19,5
68859,59,39.50398742501855,2017-01-19,5
68859,60,31.772424824753877,2017-01-19,5
68859,61,31.91272147529185,2017-01-19,5
68859,62,40.44449898983726,2017-01-19,5
68859,63,40.78122345535635,2017-01-19,5
68859,64,31.023994839824844,2017-01-19,5
68859,65,39.658336016240696,2017-01-19,5
68859,66,45.44281674308169,2017-01-19,5
68859,67,37.43388413535301,2017-01-19,5
68859,68,42.29319370700932,2017-01-19,5
68859,69,40.990186361604074,2017-01-19,5
68859,70,42.396488314580296,2017-01-19,5
68859,71,36.75463548297522,2017-01-19,5
68859,72,35.04668530005313,2017-01-19,5
68859,73,36.05218210179521,2017-01-19,5
68859,74,42.716953299225025,2017-01-19,5
68859,75,25.851092878303632,2017-01-19,5
68859,76,37.17966666666666,2017-01-19,5
68859,77,35.22271564076625,2017-01-19,5
68859,78,39.49888078184623,2017-01-19,5
68859,79,38.0,2017-01-19,5
68859,80,36.63145850253056,2017-01-19,5
