segment_id,frame,speed,date,DayInWeek
68859,20,24.457347027270632,2017-04-02,1
68859,21,28.55415453291324,2017-04-02,1
68859,22,18.999801265062903,2017-04-02,1
68859,23,38.03228224911771,2017-04-02,1
68859,24,35.25676106187996,2017-04-02,1
68859,25,34.24983627857021,2017-04-02,1
68859,26,30.977925195951258,2017-04-02,1
68859,27,36.41990997924905,2017-04-02,1
68859,28,43.6984594996687,2017-04-02,1
68859,29,36.163952099385,2017-04-02,1
68859,30,28.57173600784514,2017-04-02,1
68859,31,16.01826972021907,2017-04-02,1
68859,32,31.717331685447974,2017-04-02,1
68859,33,29.944799639311007,2017-04-02,1
68859,34,31.5325582282679,2017-04-02,1
68859,35,35.80975639814657,2017-04-02,1
68859,36,31.78207988582359,2017-04-02,1
68859,37,35.4703248439736,2017-04-02,1
68859,38,34.129946311399735,2017-04-02,1
68859,39,35.027774998898515,2017-04-02,1
68859,40,57.3323397678858,2017-04-02,1
68859,41,36.15442916337288,2017-04-02,1
68859,42,39.417574601360094,2017-04-02,1
68859,43,38.20227044956088,2017-04-02,1
68859,44,35.69748200275299,2017-04-02,1
68859,45,39.088067522000934,2017-04-02,1
68859,46,36.11872002980857,2017-04-02,1
68859,47,40.94529800686149,2017-04-02,1
68859,48,39.5002485983941,2017-04-02,1
68859,49,37.87905847676315,2017-04-02,1
68859,50,47.71650203628104,2017-04-02,1
68859,51,41.598219095910494,2017-04-02,1
68859,52,42.23115262549402,2017-04-02,1
68859,53,36.60967945935426,2017-04-02,1
68859,54,40.91041797822183,2017-04-02,1
68859,55,37.32694280596266,2017-04-02,1
68859,56,30.948386037730813,2017-04-02,1
68859,57,41.030203884653716,2017-04-02,1
68859,58,40.07683089953624,2017-04-02,1
68859,59,38.13601136542698,2017-04-02,1
68859,60,39.01115100474678,2017-04-02,1
68859,61,39.46764165516662,2017-04-02,1
68859,62,36.10463751747763,2017-04-02,1
68859,63,43.437598385590206,2017-04-02,1
68859,64,40.35587235474731,2017-04-02,1
68859,65,28.602018076950934,2017-04-02,1
68859,66,41.29684075597499,2017-04-02,1
68859,67,39.495742159703326,2017-04-02,1
68859,68,36.21418583285718,2017-04-02,1
68859,69,33.0658555341538,2017-04-02,1
68859,70,40.12543834752582,2017-04-02,1
68859,71,32.62830503825943,2017-04-02,1
68859,72,35.875454383896276,2017-04-02,1
68859,73,38.62086700529455,2017-04-02,1
68859,74,33.145243793332746,2017-04-02,1
68859,75,26.503535446059043,2017-04-02,1
68859,76,15.488762974454813,2017-04-02,1
68859,77,33.93052546010119,2017-04-02,1
68859,78,13.202307296219653,2017-04-02,1
68859,79,35.539021536057426,2017-04-02,1
68859,80,14.178712664475679,2017-04-02,1
