segment_id,frame,speed,date,DayInWeek
68859,20,27.532937495746843,2017-01-01,1
68859,21,34.50133675206264,2017-01-01,1
68859,22,33.375,2017-01-01,1
68859,23,28.820345703003074,2017-01-01,1
68859,24,41.05773979401299,2017-01-01,1
68859,25,24.079954631991864,2017-01-01,1
68859,26,46.78868304173647,2017-01-01,1
68859,27,42.79397908468162,2017-01-01,1
68859,28,34.338151958592235,2017-01-01,1
68859,29,37.92753292917537,2017-01-01,1
68859,30,37.10333007535917,2017-01-01,1
68859,31,46.84290275447174,2017-01-01,1
68859,32,39.210146359910524,2017-01-01,1
68859,33,43.806765854913365,2017-01-01,1
68859,34,41.99286375480813,2017-01-01,1
68859,35,39.15779710790976,2017-01-01,1
68859,36,33.099238632278805,2017-01-01,1
68859,37,41.60676760811407,2017-01-01,1
68859,38,35.94571569656941,2017-01-01,1
68859,39,46.53788284404442,2017-01-01,1
68859,40,44.494040899671866,2017-01-01,1
68859,41,29.744622513861515,2017-01-01,1
68859,42,45.92524070982991,2017-01-01,1
68859,43,39.09875734643257,2017-01-01,1
68859,44,47.8375,2017-01-01,1
68859,45,44.587096933291264,2017-01-01,1
68859,46,37.375228126224705,2017-01-01,1
68859,47,49.193596052925905,2017-01-01,1
68859,48,32.999926710548934,2017-01-01,1
68859,49,48.41209274273457,2017-01-01,1
68859,50,38.03398907251545,2017-01-01,1
68859,51,42.11310903533432,2017-01-01,1
68859,52,50.278332361949666,2017-01-01,1
68859,53,42.27373203486607,2017-01-01,1
68859,54,37.59355752030348,2017-01-01,1
68859,55,37.99180140956511,2017-01-01,1
68859,56,43.40833528930486,2017-01-01,1
68859,57,33.72453439479148,2017-01-01,1
68859,58,33.487133655397336,2017-01-01,1
68859,59,37.70041014354761,2017-01-01,1
68859,60,38.24586040872509,2017-01-01,1
68859,61,41.60386744137474,2017-01-01,1
68859,62,42.66698635415564,2017-01-01,1
68859,63,40.67316163860724,2017-01-01,1
68859,64,32.53293749574684,2017-01-01,1
68859,65,33.27623190381266,2017-01-01,1
68859,66,26.959479251265282,2017-01-01,1
68859,67,48.64532262728688,2017-01-01,1
68859,68,33.831,2017-01-01,1
68859,69,38.34320994331513,2017-01-01,1
68859,70,33.044938520568884,2017-01-01,1
68859,71,34.391484783562596,2017-01-01,1
68859,72,34.80614568536724,2017-01-01,1
68859,73,41.72747467518974,2017-01-01,1
68859,74,33.80712235203142,2017-01-01,1
68859,75,31.178478506373985,2017-01-01,1
68859,76,35.25343104654689,2017-01-01,1
68859,77,42.862350977265926,2017-01-01,1
68859,78,28.0,2017-01-01,1
68859,79,19.933253235331332,2017-01-01,1
68859,80,36.63977321527001,2017-01-01,1
