segment_id,frame,speed,date,DayInWeek
68859,20,30.246363767750815,2017-05-28,1
68859,21,35.18886945744105,2017-05-28,1
68859,22,30.29056248745136,2017-05-28,1
68859,23,20.797852112730304,2017-05-28,1
68859,24,37.2445367136262,2017-05-28,1
68859,25,27.586067871529607,2017-05-28,1
68859,26,35.425546439151816,2017-05-28,1
68859,27,37.47701634736951,2017-05-28,1
68859,28,47.46073480937447,2017-05-28,1
68859,29,43.21326297150282,2017-05-28,1
68859,30,40.55487153372425,2017-05-28,1
68859,31,52.61778892671161,2017-05-28,1
68859,32,38.66620313702421,2017-05-28,1
68859,33,31.385803326481017,2017-05-28,1
68859,34,40.59847215571913,2017-05-28,1
68859,35,41.68621300383904,2017-05-28,1
68859,36,34.590712255673886,2017-05-28,1
68859,37,38.46234792489087,2017-05-28,1
68859,38,40.35177953550101,2017-05-28,1
68859,39,43.907628058873186,2017-05-28,1
68859,40,33.50518528651634,2017-05-28,1
68859,41,34.49104886072235,2017-05-28,1
68859,42,34.28861167517076,2017-05-28,1
68859,43,36.38459805786597,2017-05-28,1
68859,44,39.372783405590646,2017-05-28,1
68859,45,35.1207237838108,2017-05-28,1
68859,46,40.73325131124459,2017-05-28,1
68859,47,40.76723466850173,2017-05-28,1
68859,48,39.213979393027984,2017-05-28,1
68859,49,31.78171312660222,2017-05-28,1
68859,50,33.16737482244069,2017-05-28,1
68859,51,39.67016590051507,2017-05-28,1
68859,52,45.36919618798472,2017-05-28,1
68859,53,28.48381167671704,2017-05-28,1
68859,54,27.088935169654118,2017-05-28,1
68859,55,32.02746524246919,2017-05-28,1
68859,56,31.4944563313883,2017-05-28,1
68859,57,25.391033879979908,2017-05-28,1
68859,58,29.100200550001635,2017-05-28,1
68859,59,32.74583333690684,2017-05-28,1
68859,60,40.30679979356192,2017-05-28,1
68859,61,32.384713058319335,2017-05-28,1
68859,62,33.490927478981874,2017-05-28,1
68859,63,38.35910173419592,2017-05-28,1
68859,64,43.048921667737126,2017-05-28,1
68859,65,28.307621794740022,2017-05-28,1
68859,66,41.714976469168334,2017-05-28,1
68859,67,30.6681364103052,2017-05-28,1
68859,68,39.39523024837886,2017-05-28,1
68859,69,30.884308117565325,2017-05-28,1
68859,70,39.07414931311575,2017-05-28,1
68859,71,38.06487481282757,2017-05-28,1
68859,72,33.585264085918695,2017-05-28,1
68859,73,43.86775777796673,2017-05-28,1
68859,74,33.39711374785911,2017-05-28,1
68859,75,41.6913467888845,2017-05-28,1
68859,76,37.22622314166073,2017-05-28,1
68859,77,42.01284289503171,2017-05-28,1
68859,78,46.06986729453135,2017-05-28,1
68859,79,39.465808560391054,2017-05-28,1
68859,80,39.364739400424085,2017-05-28,1
