segment_id,frame,speed,date,DayInWeek
68859,20,19.599553473705484,2017-05-18,5
68859,21,9.188317946750225,2017-05-18,5
68859,22,28.56110173971357,2017-05-18,5
68859,23,25.457964018331936,2017-05-18,5
68859,24,25.005929066465214,2017-05-18,5
68859,25,43.373761642970024,2017-05-18,5
68859,26,30.646510134128928,2017-05-18,5
68859,27,30.335799691859084,2017-05-18,5
68859,28,37.85321692620628,2017-05-18,5
68859,29,29.085093421800668,2017-05-18,5
68859,30,36.29991670300326,2017-05-18,5
68859,31,37.85584779586358,2017-05-18,5
68859,32,36.83982188329647,2017-05-18,5
68859,33,44.06767654464042,2017-05-18,5
68859,34,34.977304234634914,2017-05-18,5
68859,35,39.84813872969485,2017-05-18,5
68859,36,38.431540317731205,2017-05-18,5
68859,37,30.56113559622305,2017-05-18,5
68859,38,42.08411237811365,2017-05-18,5
68859,39,37.64369412969678,2017-05-18,5
68859,40,32.471184277696345,2017-05-18,5
68859,41,37.30384727667565,2017-05-18,5
68859,42,48.72237878164648,2017-05-18,5
68859,43,37.2788658961577,2017-05-18,5
68859,44,25.58307435780339,2017-05-18,5
68859,45,36.71802094364688,2017-05-18,5
68859,46,42.67163606720577,2017-05-18,5
68859,47,36.83576110100152,2017-05-18,5
68859,48,44.04021059080565,2017-05-18,5
68859,49,46.482926497146735,2017-05-18,5
68859,50,49.11180913143291,2017-05-18,5
68859,51,39.012258020643046,2017-05-18,5
68859,52,39.5854193589451,2017-05-18,5
68859,53,42.9903103789422,2017-05-18,5
68859,54,37.5788767132472,2017-05-18,5
68859,55,34.71957277481642,2017-05-18,5
68859,56,30.883314492471218,2017-05-18,5
68859,57,34.86730156080951,2017-05-18,5
68859,58,39.38100348132095,2017-05-18,5
68859,59,32.01015558531056,2017-05-18,5
68859,60,38.23056676699119,2017-05-18,5
68859,61,38.02179214188098,2017-05-18,5
68859,62,36.98295578656719,2017-05-18,5
68859,63,42.62624975329145,2017-05-18,5
68859,64,34.19265603654189,2017-05-18,5
68859,65,35.36249717835574,2017-05-18,5
68859,66,32.143382933398904,2017-05-18,5
68859,67,35.981908263032224,2017-05-18,5
68859,68,43.43857595581106,2017-05-18,5
68859,69,38.16692801288045,2017-05-18,5
68859,70,39.26853693545965,2017-05-18,5
68859,71,46.144999999999996,2017-05-18,5
68859,72,27.798769526622422,2017-05-18,5
68859,73,37.66153415133891,2017-05-18,5
68859,74,40.741721945972714,2017-05-18,5
68859,75,39.34802867908788,2017-05-18,5
68859,76,53.0,2017-05-18,5
68859,77,44.468333333333334,2017-05-18,5
68859,78,34.73636799932955,2017-05-18,5
68859,79,37.27577171035895,2017-05-18,5
68859,80,46.379967428690065,2017-05-18,5
