segment_id,frame,speed,date,DayInWeek
68859,20,21.788630004667702,2017-01-09,2
68859,21,31.517048517797765,2017-01-09,2
68859,22,15.85010672917356,2017-01-09,2
68859,23,30.238923158230627,2017-01-09,2
68859,24,29.5620077566873,2017-01-09,2
68859,25,24.89181498415134,2017-01-09,2
68859,26,42.310650262013105,2017-01-09,2
68859,27,40.47489704175886,2017-01-09,2
68859,28,34.08168335880751,2017-01-09,2
68859,29,38.75588451149565,2017-01-09,2
68859,30,45.31042296632269,2017-01-09,2
68859,31,48.222857587062926,2017-01-09,2
68859,32,49.82623995626602,2017-01-09,2
68859,33,40.81083910739382,2017-01-09,2
68859,34,33.36062379213826,2017-01-09,2
68859,35,40.176723480080675,2017-01-09,2
68859,36,41.82525551024551,2017-01-09,2
68859,37,41.90478521512857,2017-01-09,2
68859,38,42.272274722062726,2017-01-09,2
68859,39,39.486078928790604,2017-01-09,2
68859,40,41.49197092681092,2017-01-09,2
68859,41,32.421404364097285,2017-01-09,2
68859,42,44.18014771602061,2017-01-09,2
68859,43,39.48554474799281,2017-01-09,2
68859,44,40.64258805044605,2017-01-09,2
68859,45,37.763450221942605,2017-01-09,2
68859,46,40.76092372810815,2017-01-09,2
68859,47,43.0,2017-01-09,2
68859,48,52.57027602867016,2017-01-09,2
68859,49,40.242372750882474,2017-01-09,2
68859,50,30.97847175988873,2017-01-09,2
68859,51,38.74902872176244,2017-01-09,2
68859,52,32.476422231518015,2017-01-09,2
68859,53,49.910837460331464,2017-01-09,2
68859,54,45.8808143344464,2017-01-09,2
68859,55,38.09630809971954,2017-01-09,2
68859,56,32.678245251234166,2017-01-09,2
68859,57,40.45115835680454,2017-01-09,2
68859,58,36.82952310143029,2017-01-09,2
68859,59,42.17292154004723,2017-01-09,2
68859,60,46.086082999727054,2017-01-09,2
68859,61,41.367248501102125,2017-01-09,2
68859,62,58.0,2017-01-09,2
68859,63,37.75,2017-01-09,2
68859,64,42.22872988745034,2017-01-09,2
68859,65,44.5,2017-01-09,2
68859,66,37.04700426773495,2017-01-09,2
68859,67,43.265226830916994,2017-01-09,2
68859,68,43.60105184072761,2017-01-09,2
68859,69,38.70506110063632,2017-01-09,2
68859,70,34.75856967534537,2017-01-09,2
68859,71,37.11720272680299,2017-01-09,2
68859,72,41.196892050120006,2017-01-09,2
68859,73,45.18633298449123,2017-01-09,2
68859,74,42.1044767160477,2017-01-09,2
68859,75,34.03032517068566,2017-01-09,2
68859,76,44.04857877916246,2017-01-09,2
68859,77,45.083568172469725,2017-01-09,2
68859,78,17.210694349745236,2017-01-09,2
68859,79,39.65948203157994,2017-01-09,2
68859,80,35.370446306866334,2017-01-09,2
