segment_id,frame,speed,date,DayInWeek
68859,20,30.68620503656577,2017-04-22,7
68859,21,29.333668892179272,2017-04-22,7
68859,22,25.822761142239216,2017-04-22,7
68859,23,35.53667785172391,2017-04-22,7
68859,24,35.93891422732702,2017-04-22,7
68859,25,38.16489974877078,2017-04-22,7
68859,26,36.53485459211505,2017-04-22,7
68859,27,35.419355185109,2017-04-22,7
68859,28,36.963441539055474,2017-04-22,7
68859,29,39.333769005874984,2017-04-22,7
68859,30,47.717559764169565,2017-04-22,7
68859,31,46.33621763806731,2017-04-22,7
68859,32,32.423097136888615,2017-04-22,7
68859,33,37.73946060625745,2017-04-22,7
68859,34,37.635220130238196,2017-04-22,7
68859,35,28.78783333333334,2017-04-22,7
68859,36,35.72622553097451,2017-04-22,7
68859,37,34.88296530669316,2017-04-22,7
68859,38,40.70991299415144,2017-04-22,7
68859,39,35.18088635747456,2017-04-22,7
68859,40,33.201915606312454,2017-04-22,7
68859,41,43.28771673672882,2017-04-22,7
68859,42,33.22563500482995,2017-04-22,7
68859,43,34.05188136343568,2017-04-22,7
68859,44,36.38108814141198,2017-04-22,7
68859,45,30.310096375881553,2017-04-22,7
68859,46,44.719103896697895,2017-04-22,7
68859,47,40.428722638164864,2017-04-22,7
68859,48,39.148468046649825,2017-04-22,7
68859,49,39.559715530581315,2017-04-22,7
68859,50,40.39476694798087,2017-04-22,7
68859,51,28.948037206712073,2017-04-22,7
68859,52,31.921083713850017,2017-04-22,7
68859,53,40.55290839086666,2017-04-22,7
68859,54,36.04682389840255,2017-04-22,7
68859,55,37.0871380709108,2017-04-22,7
68859,56,38.491733884100796,2017-04-22,7
68859,57,37.45256102112417,2017-04-22,7
68859,58,41.67500487917113,2017-04-22,7
68859,59,43.928794376311345,2017-04-22,7
68859,60,39.602059471522296,2017-04-22,7
68859,61,34.23443345223923,2017-04-22,7
68859,62,31.77028050918787,2017-04-22,7
68859,63,37.193938791848936,2017-04-22,7
68859,64,42.92139520680784,2017-04-22,7
68859,65,47.19814159931482,2017-04-22,7
68859,66,41.528053267187374,2017-04-22,7
68859,67,36.38949953624514,2017-04-22,7
68859,68,43.362120314102185,2017-04-22,7
68859,69,35.69244187308539,2017-04-22,7
68859,70,44.54039319904881,2017-04-22,7
68859,71,36.61003238703339,2017-04-22,7
68859,72,47.98435350363626,2017-04-22,7
68859,73,38.28656017401788,2017-04-22,7
68859,74,37.024526463635965,2017-04-22,7
68859,75,35.639467471534005,2017-04-22,7
68859,76,45.939268904679814,2017-04-22,7
68859,77,39.92226278463737,2017-04-22,7
68859,78,30.665154521865603,2017-04-22,7
68859,79,38.430728885982184,2017-04-22,7
68859,80,30.35265920950536,2017-04-22,7
