segment_id,frame,speed,date,DayInWeek
68859,20,36.208721554298094,2017-05-13,7
68859,21,39.26346511977175,2017-05-13,7
68859,22,36.64393901176632,2017-05-13,7
68859,23,31.015253424770307,2017-05-13,7
68859,24,31.263408003303464,2017-05-13,7
68859,25,38.96643228992245,2017-05-13,7
68859,26,42.354859389883586,2017-05-13,7
68859,27,31.690678493161563,2017-05-13,7
68859,28,39.67698890380546,2017-05-13,7
68859,29,35.863141815894906,2017-05-13,7
68859,30,41.67661948950829,2017-05-13,7
68859,31,40.35566376282422,2017-05-13,7
68859,32,39.79560956694118,2017-05-13,7
68859,33,35.781731502191754,2017-05-13,7
68859,34,37.49211953826291,2017-05-13,7
68859,35,40.69277206697478,2017-05-13,7
68859,36,38.44913237634945,2017-05-13,7
68859,37,37.86255521924159,2017-05-13,7
68859,38,33.70927267616083,2017-05-13,7
68859,39,38.50336808714927,2017-05-13,7
68859,40,43.03956614730319,2017-05-13,7
68859,41,36.23456256789091,2017-05-13,7
68859,42,42.91817093209771,2017-05-13,7
68859,43,38.160855485567154,2017-05-13,7
68859,44,44.407835301626704,2017-05-13,7
68859,45,43.589456989581365,2017-05-13,7
68859,46,36.93739199618727,2017-05-13,7
68859,47,42.053641239090155,2017-05-13,7
68859,48,31.0973742743444,2017-05-13,7
68859,49,42.88697153942573,2017-05-13,7
68859,50,34.861151646174434,2017-05-13,7
68859,51,34.212918458697466,2017-05-13,7
68859,52,41.94717632968294,2017-05-13,7
68859,53,35.04159535952542,2017-05-13,7
68859,54,46.47846302084356,2017-05-13,7
68859,55,32.59411926909908,2017-05-13,7
68859,56,38.059872929612,2017-05-13,7
68859,57,38.715517541657405,2017-05-13,7
68859,58,36.999796899849954,2017-05-13,7
68859,59,38.55495510900026,2017-05-13,7
68859,60,36.34952443932541,2017-05-13,7
68859,61,40.37603913778978,2017-05-13,7
68859,62,37.04410935640134,2017-05-13,7
68859,63,39.18275659322806,2017-05-13,7
68859,64,41.742274057591544,2017-05-13,7
68859,65,31.137432632414402,2017-05-13,7
68859,66,36.0,2017-05-13,7
68859,67,45.07933763457574,2017-05-13,7
68859,68,40.10701828661128,2017-05-13,7
68859,69,33.80493687185972,2017-05-13,7
68859,70,45.93213152686782,2017-05-13,7
68859,71,39.87760499735613,2017-05-13,7
68859,72,32.26253471248533,2017-05-13,7
68859,73,38.4623373623448,2017-05-13,7
68859,74,41.96936220681141,2017-05-13,7
68859,75,32.77489986614566,2017-05-13,7
68859,76,26.274299124456327,2017-05-13,7
68859,77,37.86633333333334,2017-05-13,7
68859,78,20.326990088310367,2017-05-13,7
68859,79,24.546331871203673,2017-05-13,7
68859,80,8.460665125692207,2017-05-13,7
