segment_id,frame,speed,date,DayInWeek
68859,20,35.15305460014677,2017-01-30,2
68859,21,32.73126753575086,2017-01-30,2
68859,22,38.91578950363743,2017-01-30,2
68859,23,42.87314795320297,2017-01-30,2
68859,24,29.151715223757392,2017-01-30,2
68859,25,43.329545950551825,2017-01-30,2
68859,26,28.951534138997115,2017-01-30,2
68859,27,48.01182084789872,2017-01-30,2
68859,28,43.20535066280057,2017-01-30,2
68859,29,44.311747939941306,2017-01-30,2
68859,30,37.60040350347866,2017-01-30,2
68859,31,44.09429879889338,2017-01-30,2
68859,32,48.98536862790834,2017-01-30,2
68859,33,48.23346171493223,2017-01-30,2
68859,34,40.896388565021695,2017-01-30,2
68859,35,43.50426152689883,2017-01-30,2
68859,36,41.18513771785787,2017-01-30,2
68859,37,38.18846504580476,2017-01-30,2
68859,38,46.499507825205676,2017-01-30,2
68859,39,46.39629642214249,2017-01-30,2
68859,40,43.47643480992799,2017-01-30,2
68859,41,37.676,2017-01-30,2
68859,42,38.77008287482313,2017-01-30,2
68859,43,51.85647140262152,2017-01-30,2
68859,44,41.29725,2017-01-30,2
68859,45,38.65795496887685,2017-01-30,2
68859,46,44.094862023696884,2017-01-30,2
68859,47,37.901994978602005,2017-01-30,2
68859,48,39.502455664515,2017-01-30,2
68859,49,43.22061715436571,2017-01-30,2
68859,50,40.96569400896648,2017-01-30,2
68859,51,41.63367831134386,2017-01-30,2
68859,52,39.56564041208981,2017-01-30,2
68859,53,42.90066525960729,2017-01-30,2
68859,54,31.193235626616563,2017-01-30,2
68859,55,43.26199962732434,2017-01-30,2
68859,56,45.41634619039936,2017-01-30,2
68859,57,37.50465640940276,2017-01-30,2
68859,58,34.408603200237394,2017-01-30,2
68859,59,41.910029581631775,2017-01-30,2
68859,60,33.749780922802785,2017-01-30,2
68859,61,43.423791224523484,2017-01-30,2
68859,62,44.53516882321742,2017-01-30,2
68859,63,41.8848720330381,2017-01-30,2
68859,64,47.44163262085446,2017-01-30,2
68859,65,44.012759774356056,2017-01-30,2
68859,66,36.38312847408852,2017-01-30,2
68859,67,44.108099291069834,2017-01-30,2
68859,68,32.19868440444379,2017-01-30,2
68859,69,27.888434144646908,2017-01-30,2
68859,70,41.659172866907014,2017-01-30,2
68859,71,39.09265850367785,2017-01-30,2
68859,72,34.06715597766838,2017-01-30,2
68859,73,41.386055671389556,2017-01-30,2
68859,74,42.036,2017-01-30,2
68859,75,36.61159864641331,2017-01-30,2
68859,76,42.47717977916355,2017-01-30,2
68859,77,38.36937198948556,2017-01-30,2
68859,78,38.32663015669543,2017-01-30,2
68859,79,24.29536883314168,2017-01-30,2
68859,80,13.669477747457764,2017-01-30,2
