segment_id,frame,speed,date,DayInWeek
68859,20,20.805463345890463,2017-02-06,2
68859,21,30.994396510105865,2017-02-06,2
68859,22,34.548096891239226,2017-02-06,2
68859,23,28.865657757935715,2017-02-06,2
68859,24,26.966575363564083,2017-02-06,2
68859,25,36.560886874232665,2017-02-06,2
68859,26,31.83420952340628,2017-02-06,2
68859,27,36.97356078801298,2017-02-06,2
68859,28,39.64111904812934,2017-02-06,2
68859,29,33.44015288222455,2017-02-06,2
68859,30,44.70811596349964,2017-02-06,2
68859,31,37.08302108306448,2017-02-06,2
68859,32,40.25205325263434,2017-02-06,2
68859,33,29.4426307881652,2017-02-06,2
68859,34,36.534112992459654,2017-02-06,2
68859,35,34.2693408966133,2017-02-06,2
68859,36,25.658925798675554,2017-02-06,2
68859,37,34.7307512343603,2017-02-06,2
68859,38,35.323979185632155,2017-02-06,2
68859,39,33.181635401246744,2017-02-06,2
68859,40,35.078039063387884,2017-02-06,2
68859,41,36.0207575157947,2017-02-06,2
68859,42,47.5,2017-02-06,2
68859,43,42.76284707094803,2017-02-06,2
68859,44,42.906136916424835,2017-02-06,2
68859,45,41.551503076195985,2017-02-06,2
68859,46,16.115477242676462,2017-02-06,2
68859,47,27.96853579756082,2017-02-06,2
68859,48,43.04937468558845,2017-02-06,2
68859,49,40.75315274035074,2017-02-06,2
68859,50,30.139857976622146,2017-02-06,2
68859,51,41.4795897256933,2017-02-06,2
68859,52,30.301708917088234,2017-02-06,2
68859,53,39.21730221206163,2017-02-06,2
68859,54,25.461953689375882,2017-02-06,2
68859,55,44.45271953243835,2017-02-06,2
68859,56,22.675933566594438,2017-02-06,2
68859,57,37.50806763082372,2017-02-06,2
68859,58,32.74297158354621,2017-02-06,2
68859,59,40.769158949321124,2017-02-06,2
68859,60,38.7598073182976,2017-02-06,2
68859,61,40.9380291728113,2017-02-06,2
68859,62,39.485624607793,2017-02-06,2
68859,63,37.45017065456556,2017-02-06,2
68859,64,37.85243383558819,2017-02-06,2
68859,65,38.08416187073967,2017-02-06,2
68859,66,45.37567252033625,2017-02-06,2
68859,67,34.28429615566752,2017-02-06,2
68859,68,38.38774174961962,2017-02-06,2
68859,69,40.81883883323242,2017-02-06,2
68859,70,42.04142647636769,2017-02-06,2
68859,71,40.60853369507631,2017-02-06,2
68859,72,40.20430574330158,2017-02-06,2
68859,73,34.932087552818274,2017-02-06,2
68859,74,34.800447057324554,2017-02-06,2
68859,75,37.97435515686958,2017-02-06,2
68859,76,30.566559060174363,2017-02-06,2
68859,77,40.99953165886745,2017-02-06,2
68859,78,32.10547075480956,2017-02-06,2
68859,79,1.2210845947265625,2017-02-06,2
68859,80,38.0,2017-02-06,2
