segment_id,frame,speed,date,DayInWeek
68859,20,31.56123981719564,2017-04-03,2
68859,21,34.022794297616535,2017-04-03,2
68859,22,36.36849704464146,2017-04-03,2
68859,23,35.56975247981032,2017-04-03,2
68859,24,39.50420001408354,2017-04-03,2
68859,25,41.484249962921965,2017-04-03,2
68859,26,37.79137724503437,2017-04-03,2
68859,27,32.005460120323455,2017-04-03,2
68859,28,27.5041315190757,2017-04-03,2
68859,29,43.40533830185156,2017-04-03,2
68859,30,35.859858621039464,2017-04-03,2
68859,31,42.315791139851186,2017-04-03,2
68859,32,37.36,2017-04-03,2
68859,33,42.75,2017-04-03,2
68859,34,39.091804067589145,2017-04-03,2
68859,35,30.975119521245077,2017-04-03,2
68859,36,38.71990568669774,2017-04-03,2
68859,37,38.59434778115572,2017-04-03,2
68859,38,37.35229608525468,2017-04-03,2
68859,39,37.26977923952896,2017-04-03,2
68859,40,36.64118126963661,2017-04-03,2
68859,41,44.74563456152249,2017-04-03,2
68859,42,21.699143597187685,2017-04-03,2
68859,43,39.4042562053439,2017-04-03,2
68859,44,34.016502558300274,2017-04-03,2
68859,45,45.62131922354856,2017-04-03,2
68859,46,34.341502868896136,2017-04-03,2
68859,47,33.453321412827485,2017-04-03,2
68859,48,37.739006075751284,2017-04-03,2
68859,49,41.84954078683155,2017-04-03,2
68859,50,44.21521873380927,2017-04-03,2
68859,51,37.11521718974957,2017-04-03,2
68859,52,37.18863266436186,2017-04-03,2
68859,53,37.197355894584916,2017-04-03,2
68859,54,36.43198429310183,2017-04-03,2
68859,55,38.53549599529629,2017-04-03,2
68859,56,41.0045,2017-04-03,2
68859,57,33.578400193944375,2017-04-03,2
68859,58,35.96453888818181,2017-04-03,2
68859,59,35.51418017112857,2017-04-03,2
68859,60,32.29438029104101,2017-04-03,2
68859,61,39.28287539238349,2017-04-03,2
68859,62,30.18924719876282,2017-04-03,2
68859,63,27.007621308115255,2017-04-03,2
68859,64,14.344449941690312,2017-04-03,2
68859,65,32.38896233885218,2017-04-03,2
68859,66,31.25,2017-04-03,2
68859,67,33.893385401246746,2017-04-03,2
68859,68,33.36,2017-04-03,2
68859,69,44.712129272260626,2017-04-03,2
68859,70,44.22055741814871,2017-04-03,2
68859,71,40.11443814949218,2017-04-03,2
68859,72,31.617570917872897,2017-04-03,2
68859,73,41.28587584198597,2017-04-03,2
68859,74,26.556445339386407,2017-04-03,2
68859,75,35.98462984428498,2017-04-03,2
68859,76,19.759221640361453,2017-04-03,2
68859,77,34.144059795174236,2017-04-03,2
68859,78,44.51495125263304,2017-04-03,2
68859,79,11.97833632985478,2017-04-03,2
68859,80,10.14736892205688,2017-04-03,2
