segment_id,frame,speed,date,DayInWeek
68859,20,38.72121683756511,2017-03-12,1
68859,21,37.77839980427987,2017-03-12,1
68859,22,23.884654233003026,2017-03-12,1
68859,23,33.47920995914956,2017-03-12,1
68859,24,24.770212500466812,2017-03-12,1
68859,25,43.82645171873766,2017-03-12,1
68859,26,41.66369400896649,2017-03-12,1
68859,27,31.522890684344294,2017-03-12,1
68859,28,46.979884162015296,2017-03-12,1
68859,29,38.211231135736696,2017-03-12,1
68859,30,38.0375605073973,2017-03-12,1
68859,31,48.20040437762796,2017-03-12,1
68859,32,42.20870624441383,2017-03-12,1
68859,33,40.24571091328993,2017-03-12,1
68859,34,37.77164934605351,2017-03-12,1
68859,35,53.18875716203948,2017-03-12,1
68859,36,46.74414183574579,2017-03-12,1
68859,37,36.654754810846214,2017-03-12,1
68859,38,36.15433579249827,2017-03-12,1
68859,39,30.892304170911988,2017-03-12,1
68859,40,36.907096754916964,2017-03-12,1
68859,41,34.90942373537483,2017-03-12,1
68859,42,38.630105473808186,2017-03-12,1
68859,43,38.95113092139141,2017-03-12,1
68859,44,43.937090067261735,2017-03-12,1
68859,45,43.78933263839333,2017-03-12,1
68859,46,35.04841408202043,2017-03-12,1
68859,47,33.594989892345545,2017-03-12,1
68859,48,36.66784759772049,2017-03-12,1
68859,49,35.263424364074275,2017-03-12,1
68859,50,31.723800311799003,2017-03-12,1
68859,51,38.21096982110268,2017-03-12,1
68859,52,44.75299332564684,2017-03-12,1
68859,53,45.91003223095964,2017-03-12,1
68859,54,40.92182340498992,2017-03-12,1
68859,55,36.16514750529036,2017-03-12,1
68859,56,37.35423152698809,2017-03-12,1
68859,57,36.10435139298802,2017-03-12,1
68859,58,37.15733628364345,2017-03-12,1
68859,59,52.8615,2017-03-12,1
68859,60,36.44046550543948,2017-03-12,1
68859,61,44.77844865678204,2017-03-12,1
68859,62,41.23409701475926,2017-03-12,1
68859,63,48.15131925061718,2017-03-12,1
68859,64,41.318560931481564,2017-03-12,1
68859,65,37.62576099923761,2017-03-12,1
68859,66,35.28403835389794,2017-03-12,1
68859,67,35.902855340440105,2017-03-12,1
68859,68,37.53543520237429,2017-03-12,1
68859,69,40.04833339568286,2017-03-12,1
68859,70,39.21200549734647,2017-03-12,1
68859,71,41.6060152269091,2017-03-12,1
68859,72,40.51068929050987,2017-03-12,1
68859,73,34.015253362009105,2017-03-12,1
68859,74,37.72033231539013,2017-03-12,1
68859,75,44.43037691754855,2017-03-12,1
68859,76,42.3480315542715,2017-03-12,1
68859,77,40.809982340151535,2017-03-12,1
68859,78,35.929071438185034,2017-03-12,1
68859,79,30.50729724899929,2017-03-12,1
68859,80,38.88894399692972,2017-03-12,1
