segment_id,frame,speed,date,DayInWeek
68859,20,16.48909469506998,2017-04-28,6
68859,21,27.008924006833805,2017-04-28,6
68859,22,25.323054318663026,2017-04-28,6
68859,23,36.187264343032844,2017-04-28,6
68859,24,38.934242636888925,2017-04-28,6
68859,25,39.079011630900396,2017-04-28,6
68859,26,35.09485538504177,2017-04-28,6
68859,27,36.60026950553197,2017-04-28,6
68859,28,33.98296826642637,2017-04-28,6
68859,29,33.63629848398167,2017-04-28,6
68859,30,37.124709234266334,2017-04-28,6
68859,31,39.15512225444169,2017-04-28,6
68859,32,37.27542618590056,2017-04-28,6
68859,33,36.32866115164326,2017-04-28,6
68859,34,38.48969204514778,2017-04-28,6
68859,35,35.64232196472868,2017-04-28,6
68859,36,38.7492622969287,2017-04-28,6
68859,37,39.26457474615259,2017-04-28,6
68859,38,35.71809660356995,2017-04-28,6
68859,39,35.04661268233831,2017-04-28,6
68859,40,34.324888551435286,2017-04-28,6
68859,41,34.299354741805125,2017-04-28,6
68859,42,42.20516882210321,2017-04-28,6
68859,43,32.112783815318984,2017-04-28,6
68859,44,31.206209944922023,2017-04-28,6
68859,45,38.930531815643235,2017-04-28,6
68859,46,39.00086483097678,2017-04-28,6
68859,47,37.63082754008783,2017-04-28,6
68859,48,44.58281363912457,2017-04-28,6
68859,49,37.86775358932054,2017-04-28,6
68859,50,46.145721869422175,2017-04-28,6
68859,51,44.89861374387051,2017-04-28,6
68859,52,48.28436831955986,2017-04-28,6
68859,53,33.657996298754355,2017-04-28,6
68859,54,35.30717384497477,2017-04-28,6
68859,55,36.981141447658686,2017-04-28,6
68859,56,38.26969043489419,2017-04-28,6
68859,57,40.27493037744392,2017-04-28,6
68859,58,40.17393001789558,2017-04-28,6
68859,59,26.245462098883337,2017-04-28,6
68859,60,38.853679392947,2017-04-28,6
68859,61,36.902181340429806,2017-04-28,6
68859,62,31.11293471167403,2017-04-28,6
68859,63,36.99952971897818,2017-04-28,6
68859,64,35.49061763516441,2017-04-28,6
68859,65,50.3699729456802,2017-04-28,6
68859,66,39.59452598176645,2017-04-28,6
68859,67,34.353317672118905,2017-04-28,6
68859,68,38.4,2017-04-28,6
68859,69,31.318536775357767,2017-04-28,6
68859,70,40.03198868171591,2017-04-28,6
68859,71,41.48631708421101,2017-04-28,6
68859,72,39.25571300239861,2017-04-28,6
68859,73,33.76180895428364,2017-04-28,6
68859,74,22.561202513830796,2017-04-28,6
68859,75,29.364106899910077,2017-04-28,6
68859,76,28.14902081289009,2017-04-28,6
68859,77,34.62891410221632,2017-04-28,6
68859,78,32.8175,2017-04-28,6
68859,79,42.21447609578978,2017-04-28,6
68859,80,41.17503888051172,2017-04-28,6
