segment_id,frame,speed,date,DayInWeek
68859,20,31.60525471767785,2017-01-07,7
68859,21,38.55436360171528,2017-01-07,7
68859,22,43.544221031151324,2017-01-07,7
68859,23,36.0218723855852,2017-01-07,7
68859,24,33.517350757544506,2017-01-07,7
68859,25,43.82350583233942,2017-01-07,7
68859,26,47.56366105668021,2017-01-07,7
68859,27,40.0488961974206,2017-01-07,7
68859,28,32.4441337604074,2017-01-07,7
68859,29,40.784409468112955,2017-01-07,7
68859,30,44.0,2017-01-07,7
68859,31,45.4054000659753,2017-01-07,7
68859,32,41.102738339609736,2017-01-07,7
68859,33,36.22818036882296,2017-01-07,7
68859,34,40.129628621842755,2017-01-07,7
68859,35,44.40576889896807,2017-01-07,7
68859,36,43.051586425359545,2017-01-07,7
68859,37,40.05860873193607,2017-01-07,7
68859,38,37.550091824773986,2017-01-07,7
68859,39,29.29645611541589,2017-01-07,7
68859,40,38.2535,2017-01-07,7
68859,41,46.820422783997486,2017-01-07,7
68859,42,36.41539052001693,2017-01-07,7
68859,43,39.44252322033638,2017-01-07,7
68859,44,44.06117702527969,2017-01-07,7
68859,45,43.38544007466201,2017-01-07,7
68859,46,44.558328315016055,2017-01-07,7
68859,47,42.39389468909917,2017-01-07,7
68859,48,41.572833333333335,2017-01-07,7
68859,49,45.5,2017-01-07,7
68859,50,42.19041947842213,2017-01-07,7
68859,51,38.658409845405004,2017-01-07,7
68859,52,41.86396902407485,2017-01-07,7
68859,53,35.559208719044506,2017-01-07,7
68859,54,36.883,2017-01-07,7
68859,55,49.38448366565862,2017-01-07,7
68859,56,42.03133915331435,2017-01-07,7
68859,57,44.90939000400854,2017-01-07,7
68859,58,47.56393641646024,2017-01-07,7
68859,59,42.03332750212668,2017-01-07,7
68859,60,41.6257833209425,2017-01-07,7
68859,61,42.524212494522416,2017-01-07,7
68859,62,44.921370093516,2017-01-07,7
68859,63,49.369,2017-01-07,7
68859,64,38.92478941551497,2017-01-07,7
68859,65,38.61630648507215,2017-01-07,7
68859,66,35.83509146640983,2017-01-07,7
68859,67,49.40635349448205,2017-01-07,7
68859,68,35.293006471385276,2017-01-07,7
68859,69,40.90731285259305,2017-01-07,7
68859,70,44.075833333333335,2017-01-07,7
68859,71,43.61602472814824,2017-01-07,7
68859,72,39.2615,2017-01-07,7
68859,73,43.5204982329018,2017-01-07,7
68859,74,41.7827352211313,2017-01-07,7
68859,75,39.866330462578674,2017-01-07,7
68859,76,45.022695707454105,2017-01-07,7
68859,77,12.911545251586752,2017-01-07,7
68859,78,36.17044855863276,2017-01-07,7
68859,79,49.54504210631083,2017-01-07,7
68859,80,34.93493799474425,2017-01-07,7
