segment_id,frame,speed,date,DayInWeek
68859,20,16.574262167167333,2017-01-04,4
68859,21,13.028051082909172,2017-01-04,4
68859,22,11.189434289676944,2017-01-04,4
68859,23,33.789988840201644,2017-01-04,4
68859,24,43.940240479362345,2017-01-04,4
68859,25,43.36102862187535,2017-01-04,4
68859,26,39.3855,2017-01-04,4
68859,27,41.00987616934208,2017-01-04,4
68859,28,37.455099302908366,2017-01-04,4
68859,29,41.93188129641632,2017-01-04,4
68859,30,36.275582057335924,2017-01-04,4
68859,31,37.04206000441462,2017-01-04,4
68859,32,33.04554080781441,2017-01-04,4
68859,33,36.85828409715557,2017-01-04,4
68859,34,35.26111878258343,2017-01-04,4
68859,35,39.34559304224261,2017-01-04,4
68859,36,37.420100277015905,2017-01-04,4
68859,37,39.81023044568039,2017-01-04,4
68859,38,39.04124970501515,2017-01-04,4
68859,39,43.007775302010025,2017-01-04,4
68859,40,29.465210506189784,2017-01-04,4
68859,41,38.018,2017-01-04,4
68859,42,42.812333333333335,2017-01-04,4
68859,43,42.80245181362536,2017-01-04,4
68859,44,43.817499999999995,2017-01-04,4
68859,45,46.432236319993905,2017-01-04,4
68859,46,43.34070650656872,2017-01-04,4
68859,47,40.60870574613861,2017-01-04,4
68859,48,31.50453029745134,2017-01-04,4
68859,49,22.537319221967145,2017-01-04,4
68859,50,40.32173698014023,2017-01-04,4
68859,51,37.061384898277225,2017-01-04,4
68859,52,31.784999999964057,2017-01-04,4
68859,53,33.638600269337786,2017-01-04,4
68859,54,26.80612181055978,2017-01-04,4
68859,55,23.519750000004706,2017-01-04,4
68859,56,19.316029172637748,2017-01-04,4
68859,57,25.73884943848892,2017-01-04,4
68859,58,23.023040640814163,2017-01-04,4
68859,59,15.66631484623737,2017-01-04,4
68859,60,38.946171333882994,2017-01-04,4
68859,61,18.032666666606765,2017-01-04,4
68859,62,30.913664856641024,2017-01-04,4
68859,63,7.657724188052145,2017-01-04,4
68859,64,21.37797984619922,2017-01-04,4
68859,65,27.67973738817642,2017-01-04,4
68859,66,32.80623823810262,2017-01-04,4
68859,67,18.23970708299497,2017-01-04,4
68859,68,40.858618879141886,2017-01-04,4
68859,69,35.37755736959094,2017-01-04,4
68859,70,37.87178022676514,2017-01-04,4
68859,71,36.23870575727389,2017-01-04,4
68859,72,39.50375143816535,2017-01-04,4
68859,73,39.0,2017-01-04,4
68859,74,47.31252233951952,2017-01-04,4
68859,75,39.83271445378202,2017-01-04,4
68859,76,40.24565812080647,2017-01-04,4
68859,77,42.853440623698674,2017-01-04,4
68859,78,46.95629660405012,2017-01-04,4
68859,79,54.0,2017-01-04,4
68859,80,35.79594269814662,2017-01-04,4
