segment_id,frame,speed,date,DayInWeek
68859,20,32.80782807351481,2017-03-21,3
68859,21,37.9823768145108,2017-03-21,3
68859,22,23.175074940304576,2017-03-21,3
68859,23,25.030513241910157,2017-03-21,3
68859,24,36.81294390620867,2017-03-21,3
68859,25,34.417006801343064,2017-03-21,3
68859,26,44.060939624885705,2017-03-21,3
68859,27,30.526363192916865,2017-03-21,3
68859,28,39.196514669627085,2017-03-21,3
68859,29,43.70263797347442,2017-03-21,3
68859,30,35.573572754454005,2017-03-21,3
68859,31,44.036806387340604,2017-03-21,3
68859,32,35.853012518185594,2017-03-21,3
68859,33,35.926998071050534,2017-03-21,3
68859,34,33.89792973366059,2017-03-21,3
68859,35,38.98966951182331,2017-03-21,3
68859,36,29.290856841492285,2017-03-21,3
68859,37,43.2324,2017-03-21,3
68859,38,33.75281296585217,2017-03-21,3
68859,39,27.745377675796547,2017-03-21,3
68859,40,31.56488396256332,2017-03-21,3
68859,41,30.09018971575712,2017-03-21,3
68859,42,32.2869921147039,2017-03-21,3
68859,43,34.155675027091846,2017-03-21,3
68859,44,33.767000317372016,2017-03-21,3
68859,45,38.80338902658062,2017-03-21,3
68859,46,36.21524120411425,2017-03-21,3
68859,47,48.500585356624136,2017-03-21,3
68859,48,38.34628275738488,2017-03-21,3
68859,49,37.73193159764588,2017-03-21,3
68859,50,45.74819395648713,2017-03-21,3
68859,51,37.554437509906805,2017-03-21,3
68859,52,26.559492766252863,2017-03-21,3
68859,53,30.029973327308447,2017-03-21,3
68859,54,48.313824878102245,2017-03-21,3
68859,55,40.51906910625374,2017-03-21,3
68859,56,44.51019718586316,2017-03-21,3
68859,57,38.35842885369891,2017-03-21,3
68859,58,39.079704369049,2017-03-21,3
68859,59,35.78609602928973,2017-03-21,3
68859,60,34.84631808184327,2017-03-21,3
68859,61,17.31003809372654,2017-03-21,3
68859,62,36.442864528944284,2017-03-21,3
68859,63,36.81561151063043,2017-03-21,3
68859,64,37.849586514893375,2017-03-21,3
68859,65,39.7250341881022,2017-03-21,3
68859,66,43.45249195301825,2017-03-21,3
68859,67,39.1971509585198,2017-03-21,3
68859,68,35.63855477199793,2017-03-21,3
68859,69,40.07992314920672,2017-03-21,3
68859,70,44.256647239815365,2017-03-21,3
68859,71,38.88677956571646,2017-03-21,3
68859,72,42.009782901797315,2017-03-21,3
68859,73,37.182491982087704,2017-03-21,3
68859,74,36.783843218026,2017-03-21,3
68859,75,32.31627260497232,2017-03-21,3
68859,76,28.934472420264832,2017-03-21,3
68859,77,44.67893639763831,2017-03-21,3
68859,78,46.44883930903096,2017-03-21,3
68859,79,35.60309704218547,2017-03-21,3
68859,80,34.345665719709686,2017-03-21,3
