segment_id,frame,speed,date,DayInWeek
68859,20,27.35813290071068,2017-03-28,3
68859,21,14.112779104516374,2017-03-28,3
68859,22,36.13882488906374,2017-03-28,3
68859,23,35.613557895584414,2017-03-28,3
68859,24,41.16063243382169,2017-03-28,3
68859,25,33.82222508124596,2017-03-28,3
68859,26,33.377435275744006,2017-03-28,3
68859,27,33.26120203098423,2017-03-28,3
68859,28,40.82986287947363,2017-03-28,3
68859,29,42.480022400912496,2017-03-28,3
68859,30,43.29337115153781,2017-03-28,3
68859,31,33.694,2017-03-28,3
68859,32,37.50399634655008,2017-03-28,3
68859,33,35.524604807071896,2017-03-28,3
68859,34,28.740346918794778,2017-03-28,3
68859,35,30.677563395796497,2017-03-28,3
68859,36,33.59400925017337,2017-03-28,3
68859,37,36.15362984443153,2017-03-28,3
68859,38,47.71111468090977,2017-03-28,3
68859,39,34.956614775431575,2017-03-28,3
68859,40,43.542,2017-03-28,3
68859,41,32.73631354072168,2017-03-28,3
68859,42,36.180891117711994,2017-03-28,3
68859,43,34.730069935011166,2017-03-28,3
68859,44,38.74022909849114,2017-03-28,3
68859,45,32.079640493151146,2017-03-28,3
68859,46,35.997354741685136,2017-03-28,3
68859,47,40.43358331485901,2017-03-28,3
68859,48,38.669569532813554,2017-03-28,3
68859,49,43.23093822554402,2017-03-28,3
68859,50,36.06929739247316,2017-03-28,3
68859,51,42.726710872919654,2017-03-28,3
68859,52,39.223247030627476,2017-03-28,3
68859,53,43.53803017590194,2017-03-28,3
68859,54,40.89757350347766,2017-03-28,3
68859,55,40.748775435715736,2017-03-28,3
68859,56,40.92784533636291,2017-03-28,3
68859,57,42.983704757214554,2017-03-28,3
68859,58,42.60541408405207,2017-03-28,3
68859,59,29.557842245427352,2017-03-28,3
68859,60,38.08262731046703,2017-03-28,3
68859,61,42.291683640884614,2017-03-28,3
68859,62,36.160231042940424,2017-03-28,3
68859,63,44.942563920743865,2017-03-28,3
68859,64,31.677,2017-03-28,3
68859,65,31.782836575170098,2017-03-28,3
68859,66,42.802475217288666,2017-03-28,3
68859,67,38.6266707094111,2017-03-28,3
68859,68,41.11915723953965,2017-03-28,3
68859,69,36.27767388202235,2017-03-28,3
68859,70,47.74285902908585,2017-03-28,3
68859,71,34.72192141849017,2017-03-28,3
68859,72,31.484114348373282,2017-03-28,3
68859,73,34.613322938442636,2017-03-28,3
68859,74,43.282512380994405,2017-03-28,3
68859,75,35.35953876997205,2017-03-28,3
68859,76,36.723688776214615,2017-03-28,3
68859,77,31.63913768326813,2017-03-28,3
68859,78,46.986549102648155,2017-03-28,3
68859,79,40.664481548415935,2017-03-28,3
68859,80,14.023799896240234,2017-03-28,3
