segment_id,frame,speed,date,DayInWeek
68859,20,29.080077225308358,2017-05-25,5
68859,21,20.362130182178618,2017-05-25,5
68859,22,32.47041964581792,2017-05-25,5
68859,23,38.81066446842469,2017-05-25,5
68859,24,33.737827562814424,2017-05-25,5
68859,25,38.17175133344733,2017-05-25,5
68859,26,35.32925,2017-05-25,5
68859,27,38.296676103202515,2017-05-25,5
68859,28,15.021096731786418,2017-05-25,5
68859,29,32.53657888567875,2017-05-25,5
68859,30,41.07367149579035,2017-05-25,5
68859,31,37.67250558709371,2017-05-25,5
68859,32,34.696317020375034,2017-05-25,5
68859,33,37.14704458317907,2017-05-25,5
68859,34,33.083835261572034,2017-05-25,5
68859,35,39.01250105032014,2017-05-25,5
68859,36,25.411678632533466,2017-05-25,5
68859,37,36.09,2017-05-25,5
68859,38,33.12168233454243,2017-05-25,5
68859,39,36.25578454454063,2017-05-25,5
68859,40,39.98108119522472,2017-05-25,5
68859,41,41.232,2017-05-25,5
68859,42,38.81554880720422,2017-05-25,5
68859,43,36.27795083983261,2017-05-25,5
68859,44,38.14116681007205,2017-05-25,5
68859,45,25.531633922007384,2017-05-25,5
68859,46,29.36025,2017-05-25,5
68859,47,43.90449900772347,2017-05-25,5
68859,48,33.650398537937306,2017-05-25,5
68859,49,36.57593264625153,2017-05-25,5
68859,50,41.19372205858321,2017-05-25,5
68859,51,36.11812180202918,2017-05-25,5
68859,52,43.92372079514345,2017-05-25,5
68859,53,31.37691835078172,2017-05-25,5
68859,54,39.194699866333885,2017-05-25,5
68859,55,35.655885618515384,2017-05-25,5
68859,56,37.6150415386567,2017-05-25,5
68859,57,32.0770624433673,2017-05-25,5
68859,58,36.757306965950455,2017-05-25,5
68859,59,30.831461235440294,2017-05-25,5
68859,60,26.0,2017-05-25,5
68859,61,31.674675985523333,2017-05-25,5
68859,62,32.56846267798851,2017-05-25,5
68859,63,41.10139848518203,2017-05-25,5
68859,64,38.7377704904473,2017-05-25,5
68859,65,33.277826918867234,2017-05-25,5
68859,66,39.73578190215576,2017-05-25,5
68859,67,36.96175,2017-05-25,5
68859,68,46.821,2017-05-25,5
68859,69,27.580917667801806,2017-05-25,5
68859,70,40.889412058744824,2017-05-25,5
68859,71,41.45557019746424,2017-05-25,5
68859,72,39.41722407452215,2017-05-25,5
68859,73,48.08382015101334,2017-05-25,5
68859,74,29.893904747979335,2017-05-25,5
68859,75,41.99547800518175,2017-05-25,5
68859,76,42.53627496448814,2017-05-25,5
68859,77,39.02529411832755,2017-05-25,5
68859,78,37.0,2017-05-25,5
68859,79,29.11639272619137,2017-05-25,5
68859,80,16.130724917457925,2017-05-25,5
