segment_id,frame,speed,date,DayInWeek
68859,20,38.564499102228865,2017-04-14,6
68859,21,34.592340006535395,2017-04-14,6
68859,22,38.73729867130649,2017-04-14,6
68859,23,45.408061275413836,2017-04-14,6
68859,24,25.94935758390911,2017-04-14,6
68859,25,41.47247553499609,2017-04-14,6
68859,26,40.75730788059218,2017-04-14,6
68859,27,29.256703368169724,2017-04-14,6
68859,28,39.94029543665228,2017-04-14,6
68859,29,42.637989776409185,2017-04-14,6
68859,30,37.88432827950611,2017-04-14,6
68859,31,44.005955826855235,2017-04-14,6
68859,32,49.0010069751642,2017-04-14,6
68859,33,29.991590389412423,2017-04-14,6
68859,34,28.40331030281898,2017-04-14,6
68859,35,39.037133244526814,2017-04-14,6
68859,36,39.554054024243605,2017-04-14,6
68859,37,36.4835965965721,2017-04-14,6
68859,38,31.643147134186712,2017-04-14,6
68859,39,39.88381340972969,2017-04-14,6
68859,40,46.07293077977796,2017-04-14,6
68859,41,34.45364339449673,2017-04-14,6
68859,42,38.90962157067716,2017-04-14,6
68859,43,33.66742657059839,2017-04-14,6
68859,44,43.334164598867616,2017-04-14,6
68859,45,41.300141978848686,2017-04-14,6
68859,46,35.06741612821882,2017-04-14,6
68859,47,41.69960831214753,2017-04-14,6
68859,48,39.833908370929265,2017-04-14,6
68859,49,38.947869069588265,2017-04-14,6
68859,50,32.49342660509926,2017-04-14,6
68859,51,34.64147905644295,2017-04-14,6
68859,52,35.2642552500427,2017-04-14,6
68859,53,38.685338302451285,2017-04-14,6
68859,54,43.0945,2017-04-14,6
68859,55,34.5250327782322,2017-04-14,6
68859,56,34.48226451272237,2017-04-14,6
68859,57,40.65529835839066,2017-04-14,6
68859,58,35.94579366600831,2017-04-14,6
68859,59,29.983014051556793,2017-04-14,6
68859,60,35.27340508014041,2017-04-14,6
68859,61,36.151886617670044,2017-04-14,6
68859,62,44.2490029051048,2017-04-14,6
68859,63,35.06539137138573,2017-04-14,6
68859,64,39.08467482061229,2017-04-14,6
68859,65,46.167444467464854,2017-04-14,6
68859,66,32.02574210975628,2017-04-14,6
68859,67,41.92399898195923,2017-04-14,6
68859,68,40.44096694792423,2017-04-14,6
68859,69,39.557918103651076,2017-04-14,6
68859,70,35.395717265285924,2017-04-14,6
68859,71,36.61773652075114,2017-04-14,6
68859,72,30.405067935087196,2017-04-14,6
68859,73,39.40766979702195,2017-04-14,6
68859,74,25.401101248039843,2017-04-14,6
68859,75,18.653241785745227,2017-04-14,6
68859,76,30.213605072872895,2017-04-14,6
68859,77,26.999982736866876,2017-04-14,6
68859,78,31.76922862302827,2017-04-14,6
68859,79,6.859846014805427,2017-04-14,6
68859,80,2.4026748657226564,2017-04-14,6
