segment_id,frame,speed,date,DayInWeek
68859,20,36.95674223028129,2017-05-31,4
68859,21,33.99688113443053,2017-05-31,4
68859,22,25.216283978507633,2017-05-31,4
68859,23,27.392898769122716,2017-05-31,4
68859,24,34.88475139077558,2017-05-31,4
68859,25,35.41267217583284,2017-05-31,4
68859,26,34.23744212504698,2017-05-31,4
68859,27,35.81768462153461,2017-05-31,4
68859,28,41.429660066587694,2017-05-31,4
68859,29,38.00237294040242,2017-05-31,4
68859,30,40.94031015721227,2017-05-31,4
68859,31,38.09961890681262,2017-05-31,4
68859,32,34.37063651847808,2017-05-31,4
68859,33,36.30430982057525,2017-05-31,4
68859,34,17.688658487579062,2017-05-31,4
68859,35,41.71922997246101,2017-05-31,4
68859,36,20.255125436918732,2017-05-31,4
68859,37,35.906719894580945,2017-05-31,4
68859,38,36.77133685008815,2017-05-31,4
68859,39,38.37882257345903,2017-05-31,4
68859,40,42.9284836060891,2017-05-31,4
68859,41,44.58617855466292,2017-05-31,4
68859,42,40.39959613499498,2017-05-31,4
68859,43,42.42105450905693,2017-05-31,4
68859,44,34.772598544327764,2017-05-31,4
68859,45,37.97491120241755,2017-05-31,4
68859,46,38.483361074545144,2017-05-31,4
68859,47,37.6096547384316,2017-05-31,4
68859,48,32.217407561230004,2017-05-31,4
68859,49,37.44595822908252,2017-05-31,4
68859,50,38.60896776271289,2017-05-31,4
68859,51,37.45244933525986,2017-05-31,4
68859,52,42.224099739692335,2017-05-31,4
68859,53,32.03410753604933,2017-05-31,4
68859,54,35.14775118027685,2017-05-31,4
68859,55,37.084538545785556,2017-05-31,4
68859,56,33.7726654682565,2017-05-31,4
68859,57,38.91441200042917,2017-05-31,4
68859,58,24.72341752619371,2017-05-31,4
68859,59,21.122274627718735,2017-05-31,4
68859,60,37.448326937655025,2017-05-31,4
68859,61,14.802725878307145,2017-05-31,4
68859,62,28.57603581183772,2017-05-31,4
68859,63,38.23466379306726,2017-05-31,4
68859,64,35.44134363861484,2017-05-31,4
68859,65,39.795450544749244,2017-05-31,4
68859,66,25.429897634411173,2017-05-31,4
68859,67,39.357579388631635,2017-05-31,4
68859,68,51.666666666666664,2017-05-31,4
68859,69,41.80670679735921,2017-05-31,4
68859,70,37.9794815214779,2017-05-31,4
68859,71,34.27491558098873,2017-05-31,4
68859,72,34.389589250143246,2017-05-31,4
68859,73,38.987949567446,2017-05-31,4
68859,74,27.05105189324538,2017-05-31,4
68859,75,40.698468216015115,2017-05-31,4
68859,76,29.954999246655046,2017-05-31,4
68859,77,40.670503672693684,2017-05-31,4
68859,78,43.58878783366012,2017-05-31,4
68859,79,21.359860412445727,2017-05-31,4
68859,80,24.29174392878048,2017-05-31,4
