segment_id,frame,speed,date,DayInWeek
68859,20,37.477007127385576,2017-01-25,4
68859,21,40.13708829511869,2017-01-25,4
68859,22,36.05598962843445,2017-01-25,4
68859,23,33.259776606183046,2017-01-25,4
68859,24,28.579274208170908,2017-01-25,4
68859,25,39.00723349058694,2017-01-25,4
68859,26,43.99919054191586,2017-01-25,4
68859,27,42.07890322725021,2017-01-25,4
68859,28,41.47706637397579,2017-01-25,4
68859,29,44.204350483471714,2017-01-25,4
68859,30,46.01791640019936,2017-01-25,4
68859,31,41.179073777521666,2017-01-25,4
68859,32,36.34112677157188,2017-01-25,4
68859,33,31.51612686499621,2017-01-25,4
68859,34,32.55240463580974,2017-01-25,4
68859,35,37.453500000000005,2017-01-25,4
68859,36,42.178245865869314,2017-01-25,4
68859,37,28.626506429726565,2017-01-25,4
68859,38,39.679713550034606,2017-01-25,4
68859,39,33.59134243824607,2017-01-25,4
68859,40,33.79468661935103,2017-01-25,4
68859,41,39.60759449337499,2017-01-25,4
68859,42,41.24973501284444,2017-01-25,4
68859,43,40.77283360828866,2017-01-25,4
68859,44,36.49460973167636,2017-01-25,4
68859,45,38.177964696553815,2017-01-25,4
68859,46,43.14899768821014,2017-01-25,4
68859,47,43.84683736166174,2017-01-25,4
68859,48,43.047002025554214,2017-01-25,4
68859,49,45.874753444896406,2017-01-25,4
68859,50,38.20601470780196,2017-01-25,4
68859,51,34.79521116516514,2017-01-25,4
68859,52,33.521177022257746,2017-01-25,4
68859,53,43.65923959492842,2017-01-25,4
68859,54,37.67992670173116,2017-01-25,4
68859,55,37.771280226421084,2017-01-25,4
68859,56,41.236298416845514,2017-01-25,4
68859,57,43.4616776943566,2017-01-25,4
68859,58,34.45217539364374,2017-01-25,4
68859,59,37.75325570043289,2017-01-25,4
68859,60,39.78278946558138,2017-01-25,4
68859,61,37.95058396693226,2017-01-25,4
68859,62,41.47492989091674,2017-01-25,4
68859,63,37.34534591338719,2017-01-25,4
68859,64,35.35850508276615,2017-01-25,4
68859,65,24.619987811045625,2017-01-25,4
68859,66,43.60966421164973,2017-01-25,4
68859,67,43.11836619506769,2017-01-25,4
68859,68,39.21357798949556,2017-01-25,4
68859,69,38.54120786114131,2017-01-25,4
68859,70,42.00989496001879,2017-01-25,4
68859,71,42.35705732294635,2017-01-25,4
68859,72,42.66179831729357,2017-01-25,4
68859,73,39.562714335939106,2017-01-25,4
68859,74,39.64407177989867,2017-01-25,4
68859,75,36.5253505267178,2017-01-25,4
68859,76,35.51269138657871,2017-01-25,4
68859,77,33.88105959161463,2017-01-25,4
68859,78,36.75461491265314,2017-01-25,4
68859,79,20.75641533833781,2017-01-25,4
68859,80,10.539938349593957,2017-01-25,4
