segment_id,frame,speed,date,DayInWeek
68859,20,33.10981482755719,2017-01-18,4
68859,21,31.127944863175436,2017-01-18,4
68859,22,25.033683320373683,2017-01-18,4
68859,23,31.862677177965697,2017-01-18,4
68859,24,41.02908684893122,2017-01-18,4
68859,25,26.3800811004418,2017-01-18,4
68859,26,35.71665066590595,2017-01-18,4
68859,27,32.77671623689527,2017-01-18,4
68859,28,38.86905990429514,2017-01-18,4
68859,29,38.13486368228958,2017-01-18,4
68859,30,39.8515,2017-01-18,4
68859,31,45.0409949357347,2017-01-18,4
68859,32,33.76021340821338,2017-01-18,4
68859,33,37.28672049661995,2017-01-18,4
68859,34,38.62999759225762,2017-01-18,4
68859,35,38.12826510411155,2017-01-18,4
68859,36,37.85967995891847,2017-01-18,4
68859,37,29.59425327060162,2017-01-18,4
68859,38,35.58618708287568,2017-01-18,4
68859,39,40.012997221886835,2017-01-18,4
68859,40,28.993536261216576,2017-01-18,4
68859,41,31.868499503597025,2017-01-18,4
68859,42,27.758874014337987,2017-01-18,4
68859,43,41.34524688125394,2017-01-18,4
68859,44,42.04863936168147,2017-01-18,4
68859,45,46.12472291840946,2017-01-18,4
68859,46,42.968998946820264,2017-01-18,4
68859,47,42.006745775899255,2017-01-18,4
68859,48,40.52489729706722,2017-01-18,4
68859,49,32.977478179527274,2017-01-18,4
68859,50,42.8540736124592,2017-01-18,4
68859,51,40.82673402824955,2017-01-18,4
68859,52,36.99281340558196,2017-01-18,4
68859,53,40.59261248824269,2017-01-18,4
68859,54,35.21390837092927,2017-01-18,4
68859,55,38.797063173731914,2017-01-18,4
68859,56,41.0614008401306,2017-01-18,4
68859,57,41.90416608386303,2017-01-18,4
68859,58,32.04194227775264,2017-01-18,4
68859,59,34.89195852493579,2017-01-18,4
68859,60,40.438660152678096,2017-01-18,4
68859,61,31.862098750438257,2017-01-18,4
68859,62,28.864308520312324,2017-01-18,4
68859,63,35.6009856999334,2017-01-18,4
68859,64,32.304924763273846,2017-01-18,4
68859,65,38.75106232559973,2017-01-18,4
68859,66,38.66019960220423,2017-01-18,4
68859,67,50.299,2017-01-18,4
68859,68,32.58866666666667,2017-01-18,4
68859,69,41.54641110986264,2017-01-18,4
68859,70,40.722948888593855,2017-01-18,4
68859,71,19.350638719599925,2017-01-18,4
68859,72,40.269343502531086,2017-01-18,4
68859,73,34.541537439506094,2017-01-18,4
68859,74,20.713268975049484,2017-01-18,4
68859,75,32.55885795966118,2017-01-18,4
68859,76,36.27994399648366,2017-01-18,4
68859,77,31.447145487443514,2017-01-18,4
68859,78,39.784761898799914,2017-01-18,4
68859,79,48.0,2017-01-18,4
68859,80,39.697958224812794,2017-01-18,4
