segment_id,frame,speed,date,DayInWeek
68859,20,42.64872553079924,2017-02-25,7
68859,21,40.3286747847541,2017-02-25,7
68859,22,28.23451977835977,2017-02-25,7
68859,23,39.37494673554207,2017-02-25,7
68859,24,43.73266498728458,2017-02-25,7
68859,25,38.06496241234906,2017-02-25,7
68859,26,44.76260619482729,2017-02-25,7
68859,27,37.26679504238116,2017-02-25,7
68859,28,44.01859884452188,2017-02-25,7
68859,29,38.29445732011498,2017-02-25,7
68859,30,42.550946213808174,2017-02-25,7
68859,31,33.14223038580502,2017-02-25,7
68859,32,36.602189726404916,2017-02-25,7
68859,33,36.170573564204425,2017-02-25,7
68859,34,38.451762718024874,2017-02-25,7
68859,35,42.662400093417205,2017-02-25,7
68859,36,30.314988346150443,2017-02-25,7
68859,37,36.05368127684291,2017-02-25,7
68859,38,36.87747209233571,2017-02-25,7
68859,39,35.68722687823347,2017-02-25,7
68859,40,35.99086709020651,2017-02-25,7
68859,41,35.730385830390375,2017-02-25,7
68859,42,33.20753500947542,2017-02-25,7
68859,43,32.30078307132329,2017-02-25,7
68859,44,52.27317163489447,2017-02-25,7
68859,45,32.54108500214855,2017-02-25,7
68859,46,18.63782817514125,2017-02-25,7
68859,47,43.24715946291387,2017-02-25,7
68859,48,35.63283389861475,2017-02-25,7
68859,49,34.889237320997324,2017-02-25,7
68859,50,33.366,2017-02-25,7
68859,51,33.1321821051208,2017-02-25,7
68859,52,33.70829324092709,2017-02-25,7
68859,53,33.68628447421869,2017-02-25,7
68859,54,42.13397280208741,2017-02-25,7
68859,55,38.55827179900224,2017-02-25,7
68859,56,34.42078607061681,2017-02-25,7
68859,57,41.854128183057,2017-02-25,7
68859,58,33.68284605283215,2017-02-25,7
68859,59,34.72321799928988,2017-02-25,7
68859,60,31.627449393636795,2017-02-25,7
68859,61,41.51809348866781,2017-02-25,7
68859,62,37.687482754943105,2017-02-25,7
68859,63,44.34371633496571,2017-02-25,7
68859,64,34.337858526236516,2017-02-25,7
68859,65,37.291180118894076,2017-02-25,7
68859,66,42.801714597238856,2017-02-25,7
68859,67,40.26781992964369,2017-02-25,7
68859,68,22.701648855014604,2017-02-25,7
68859,69,38.850556250922956,2017-02-25,7
68859,70,40.6459220127164,2017-02-25,7
68859,71,37.60519406080712,2017-02-25,7
68859,72,23.757143827583285,2017-02-25,7
68859,73,38.65783924837186,2017-02-25,7
68859,74,45.06891416341003,2017-02-25,7
68859,75,29.712534212100405,2017-02-25,7
68859,76,35.67051769199577,2017-02-25,7
68859,77,46.271442773022486,2017-02-25,7
68859,78,37.747653238904476,2017-02-25,7
68859,79,18.28003545854868,2017-02-25,7
68859,80,38.87845286831533,2017-02-25,7
