segment_id,frame,speed,date,DayInWeek
68859,20,18.9178466796875,2017-05-29,2
68859,21,30.095715418084794,2017-05-29,2
68859,22,35.08748321345342,2017-05-29,2
68859,23,37.41788990946664,2017-05-29,2
68859,24,33.53229467279354,2017-05-29,2
68859,25,40.05084875224665,2017-05-29,2
68859,26,33.00785403751656,2017-05-29,2
68859,27,37.10082337785343,2017-05-29,2
68859,28,36.43082921608297,2017-05-29,2
68859,29,36.37340483569656,2017-05-29,2
68859,30,35.75117658398818,2017-05-29,2
68859,31,41.68088606546045,2017-05-29,2
68859,32,39.023032112254526,2017-05-29,2
68859,33,38.42882961857606,2017-05-29,2
68859,34,42.00367884521407,2017-05-29,2
68859,35,39.70035168869596,2017-05-29,2
68859,36,32.243325,2017-05-29,2
68859,37,37.65663002773401,2017-05-29,2
68859,38,40.14405334217477,2017-05-29,2
68859,39,37.235054900671386,2017-05-29,2
68859,40,37.458363587220674,2017-05-29,2
68859,41,42.54503525648619,2017-05-29,2
68859,42,38.83576727741921,2017-05-29,2
68859,43,37.34302338272268,2017-05-29,2
68859,44,29.479809091708255,2017-05-29,2
68859,45,36.33988759923265,2017-05-29,2
68859,46,41.108218295550614,2017-05-29,2
68859,47,50.0,2017-05-29,2
68859,48,42.08184311511431,2017-05-29,2
68859,49,40.64961571801976,2017-05-29,2
68859,50,42.0,2017-05-29,2
68859,51,32.13439580374012,2017-05-29,2
68859,52,32.27925732069467,2017-05-29,2
68859,53,34.7014802682464,2017-05-29,2
68859,54,32.87189191909078,2017-05-29,2
68859,55,34.380359815029436,2017-05-29,2
68859,56,32.06926333696176,2017-05-29,2
68859,57,38.08507896743325,2017-05-29,2
68859,58,36.24110936977767,2017-05-29,2
68859,59,38.451280898655895,2017-05-29,2
68859,60,38.18073452540065,2017-05-29,2
68859,61,41.593471817298635,2017-05-29,2
68859,62,38.00102605436966,2017-05-29,2
68859,63,34.39222324480768,2017-05-29,2
68859,64,47.5,2017-05-29,2
68859,65,37.51132760996304,2017-05-29,2
68859,66,37.797955913388975,2017-05-29,2
68859,67,31.71529843227634,2017-05-29,2
68859,68,49.282920776659815,2017-05-29,2
68859,69,36.85721358319623,2017-05-29,2
68859,70,35.81103604006308,2017-05-29,2
68859,71,41.15863260098091,2017-05-29,2
68859,72,31.320092750903218,2017-05-29,2
68859,73,36.8598094564836,2017-05-29,2
68859,74,27.0,2017-05-29,2
68859,75,36.80907244039641,2017-05-29,2
68859,76,41.92826250721836,2017-05-29,2
68859,77,32.34902047037199,2017-05-29,2
68859,78,30.04914125119761,2017-05-29,2
68859,79,32.820673513701436,2017-05-29,2
68859,80,11.329288340440224,2017-05-29,2
