segment_id,frame,speed,date,DayInWeek
68859,20,28.899674470203472,2017-03-13,2
68859,21,40.09214523184766,2017-03-13,2
68859,22,21.444971083406877,2017-03-13,2
68859,23,36.36021958625318,2017-03-13,2
68859,24,34.87028503763653,2017-03-13,2
68859,25,33.713014372790184,2017-03-13,2
68859,26,40.40301584534831,2017-03-13,2
68859,27,29.674401703824078,2017-03-13,2
68859,28,35.99587065618815,2017-03-13,2
68859,29,39.48195501214982,2017-03-13,2
68859,30,42.16852870455918,2017-03-13,2
68859,31,40.76438681313622,2017-03-13,2
68859,32,42.28539990604236,2017-03-13,2
68859,33,39.13648426287756,2017-03-13,2
68859,34,36.726929000829244,2017-03-13,2
68859,35,46.502487305290046,2017-03-13,2
68859,36,38.410753605642405,2017-03-13,2
68859,37,39.65002172464206,2017-03-13,2
68859,38,34.40828492205037,2017-03-13,2
68859,39,37.57368458294122,2017-03-13,2
68859,40,50.12678217673824,2017-03-13,2
68859,41,36.872625,2017-03-13,2
68859,42,39.28742434931459,2017-03-13,2
68859,43,31.611539316721036,2017-03-13,2
68859,44,39.058459284428494,2017-03-13,2
68859,45,37.44629652586424,2017-03-13,2
68859,46,38.7464167725306,2017-03-13,2
68859,47,29.781194601668215,2017-03-13,2
68859,48,38.21204017857325,2017-03-13,2
68859,49,33.96966873101568,2017-03-13,2
68859,50,40.35959540810779,2017-03-13,2
68859,51,31.844846981975493,2017-03-13,2
68859,52,35.85126133938084,2017-03-13,2
68859,53,45.157283695527695,2017-03-13,2
68859,54,43.69955099864069,2017-03-13,2
68859,55,37.86454092015044,2017-03-13,2
68859,56,35.320609504350266,2017-03-13,2
68859,57,25.64569324652557,2017-03-13,2
68859,58,54.045940950125356,2017-03-13,2
68859,59,35.784444044816105,2017-03-13,2
68859,60,35.97790712539094,2017-03-13,2
68859,61,35.16768534786182,2017-03-13,2
68859,62,36.50904926257948,2017-03-13,2
68859,63,35.69354553470146,2017-03-13,2
68859,64,32.960108095543255,2017-03-13,2
68859,65,28.96742204182297,2017-03-13,2
68859,66,45.510844103356945,2017-03-13,2
68859,67,42.123350387921356,2017-03-13,2
68859,68,36.72927867373719,2017-03-13,2
68859,69,39.55835638127545,2017-03-13,2
68859,70,28.219773370641853,2017-03-13,2
68859,71,43.73281792298836,2017-03-13,2
68859,72,37.95068417107052,2017-03-13,2
68859,73,40.47323145798273,2017-03-13,2
68859,74,34.989349672614566,2017-03-13,2
68859,75,35.19689113581699,2017-03-13,2
68859,76,38.66167353964724,2017-03-13,2
68859,77,27.73749898978876,2017-03-13,2
68859,78,22.595729658184645,2017-03-13,2
68859,79,42.786914998162004,2017-03-13,2
68859,80,22.310527354207967,2017-03-13,2
