segment_id,frame,speed,date,DayInWeek
68859,20,22.062739062645022,2017-04-21,6
68859,21,42.011079848425254,2017-04-21,6
68859,22,38.57998178722359,2017-04-21,6
68859,23,35.62456690232051,2017-04-21,6
68859,24,37.233520989537986,2017-04-21,6
68859,25,31.771798011469954,2017-04-21,6
68859,26,39.342986570736485,2017-04-21,6
68859,27,32.55759852454274,2017-04-21,6
68859,28,29.38598112542508,2017-04-21,6
68859,29,25.454502775150207,2017-04-21,6
68859,30,34.33432902059967,2017-04-21,6
68859,31,50.4505,2017-04-21,6
68859,32,39.797069119800895,2017-04-21,6
68859,33,39.54671698627483,2017-04-21,6
68859,34,26.781389324974775,2017-04-21,6
68859,35,33.15477778515526,2017-04-21,6
68859,36,31.438736395509544,2017-04-21,6
68859,37,30.066898373859438,2017-04-21,6
68859,38,13.638619270202858,2017-04-21,6
68859,39,24.87832078935237,2017-04-21,6
68859,40,27.686756032863318,2017-04-21,6
68859,41,29.87357463389505,2017-04-21,6
68859,42,13.189631986756664,2017-04-21,6
68859,43,14.172538904874434,2017-04-21,6
68859,44,30.742633664076102,2017-04-21,6
68859,45,35.4074397993567,2017-04-21,6
68859,46,45.0,2017-04-21,6
68859,47,20.591524922935918,2017-04-21,6
68859,48,37.22924536251705,2017-04-21,6
68859,49,25.167746213840257,2017-04-21,6
68859,50,36.25383230182008,2017-04-21,6
68859,51,39.92406310919138,2017-04-21,6
68859,52,24.619154493807095,2017-04-21,6
68859,53,25.229946044921874,2017-04-21,6
68859,54,25.858344689602035,2017-04-21,6
68859,55,24.22021648414576,2017-04-21,6
68859,56,37.34656524047617,2017-04-21,6
68859,57,29.54188702402272,2017-04-21,6
68859,58,25.539076401422697,2017-04-21,6
68859,59,19.31915729374508,2017-04-21,6
68859,60,34.54880895251911,2017-04-21,6
68859,61,14.465508541423612,2017-04-21,6
68859,62,34.3302210447288,2017-04-21,6
68859,63,40.18831862346829,2017-04-21,6
68859,64,28.48742624996132,2017-04-21,6
68859,65,32.107133444876126,2017-04-21,6
68859,66,36.14427849760028,2017-04-21,6
68859,67,31.917718950541023,2017-04-21,6
68859,68,35.81827675798299,2017-04-21,6
68859,69,31.88639935234012,2017-04-21,6
68859,70,34.10256192373824,2017-04-21,6
68859,71,31.875178791129066,2017-04-21,6
68859,72,20.89818276168183,2017-04-21,6
68859,73,29.874387971961703,2017-04-21,6
68859,74,20.328478604139164,2017-04-21,6
68859,75,28.20092382444918,2017-04-21,6
68859,76,13.48516427525975,2017-04-21,6
68859,77,4.162863413492838,2017-04-21,6
68859,78,17.46504923919881,2017-04-21,6
68859,79,4.616267459059758,2017-04-21,6
68859,80,14.108978161207794,2017-04-21,6
