segment_id,frame,speed,date,DayInWeek
68859,20,24.815654620296428,2017-05-27,7
68859,21,21.769535199743125,2017-05-27,7
68859,22,31.848365635245237,2017-05-27,7
68859,23,35.524980610336506,2017-05-27,7
68859,24,40.311484592258935,2017-05-27,7
68859,25,35.64540403494146,2017-05-27,7
68859,26,39.9230749408285,2017-05-27,7
68859,27,14.725420736902976,2017-05-27,7
68859,28,29.38530356065479,2017-05-27,7
68859,29,0.33359527587890625,2017-05-27,7
68859,30,38.63243637516486,2017-05-27,7
68859,31,36.264825583170214,2017-05-27,7
68859,32,20.777806198616545,2017-05-27,7
68859,33,31.716659857230876,2017-05-27,7
68859,34,30.664444450799714,2017-05-27,7
68859,35,32.293991565464914,2017-05-27,7
68859,36,28.9860780313563,2017-05-27,7
68859,37,31.21165964519227,2017-05-27,7
68859,38,35.586340739373114,2017-05-27,7
68859,39,23.215059664891648,2017-05-27,7
68859,40,45.0,2017-05-27,7
68859,41,35.931463418969734,2017-05-27,7
68859,42,41.36908540321925,2017-05-27,7
68859,43,38.87884020353619,2017-05-27,7
68859,44,31.054470924149605,2017-05-27,7
68859,45,42.581,2017-05-27,7
68859,46,41.661872373594036,2017-05-27,7
68859,47,33.799499999999995,2017-05-27,7
68859,48,39.930587044596805,2017-05-27,7
68859,49,33.409555596837,2017-05-27,7
68859,50,42.44263960597631,2017-05-27,7
68859,51,35.00460841504065,2017-05-27,7
68859,52,41.23924129229829,2017-05-27,7
68859,53,47.40267814156239,2017-05-27,7
68859,54,33.872139880951394,2017-05-27,7
68859,55,38.3932852044053,2017-05-27,7
68859,56,34.339285685985644,2017-05-27,7
68859,57,41.26512324132195,2017-05-27,7
68859,58,43.493110938886886,2017-05-27,7
68859,59,38.59634485640738,2017-05-27,7
68859,60,32.6214631302149,2017-05-27,7
68859,61,31.284504243105882,2017-05-27,7
68859,62,44.970000287381396,2017-05-27,7
68859,63,46.856566301949584,2017-05-27,7
68859,64,39.02376460073059,2017-05-27,7
68859,65,42.26025,2017-05-27,7
68859,66,42.438758318852365,2017-05-27,7
68859,67,35.18414998933052,2017-05-27,7
68859,68,38.166630380247824,2017-05-27,7
68859,69,41.72700134171113,2017-05-27,7
68859,70,38.15382858955746,2017-05-27,7
68859,71,33.14760120501599,2017-05-27,7
68859,72,20.464163710239497,2017-05-27,7
68859,73,28.9954004059992,2017-05-27,7
68859,74,19.20992955566622,2017-05-27,7
68859,75,24.88356930080519,2017-05-27,7
68859,76,34.26227174259346,2017-05-27,7
68859,77,11.273434535740801,2017-05-27,7
68859,78,22.494866202079297,2017-05-27,7
68859,79,4.526479924540685,2017-05-27,7
68859,80,23.586377383816725,2017-05-27,7
