segment_id,frame,speed,date,DayInWeek
68859,20,14.306669878289554,2017-04-25,3
68859,21,33.81067754804068,2017-04-25,3
68859,22,9.392595275878907,2017-04-25,3
68859,23,33.79784366234301,2017-04-25,3
68859,24,44.9284647333384,2017-04-25,3
68859,25,40.15452290053027,2017-04-25,3
68859,26,39.0919696978203,2017-04-25,3
68859,27,36.041263802206174,2017-04-25,3
68859,28,35.39051323683843,2017-04-25,3
68859,29,24.49919288652159,2017-04-25,3
68859,30,42.94265842305049,2017-04-25,3
68859,31,38.60743598683256,2017-04-25,3
68859,32,41.286146521777084,2017-04-25,3
68859,33,36.553363335408946,2017-04-25,3
68859,34,36.47250300322517,2017-04-25,3
68859,35,35.60779329902446,2017-04-25,3
68859,36,32.232548683136436,2017-04-25,3
68859,37,37.906717862341075,2017-04-25,3
68859,38,40.93,2017-04-25,3
68859,39,37.487126611588685,2017-04-25,3
68859,40,48.14550038441206,2017-04-25,3
68859,41,46.54341039556486,2017-04-25,3
68859,42,38.65657664887924,2017-04-25,3
68859,43,26.267047837756877,2017-04-25,3
68859,44,35.638996176573016,2017-04-25,3
68859,45,40.96371111631083,2017-04-25,3
68859,46,36.89022822989857,2017-04-25,3
68859,47,42.89733403378101,2017-04-25,3
68859,48,25.23029053438659,2017-04-25,3
68859,49,35.525149585080655,2017-04-25,3
68859,50,36.14299920759079,2017-04-25,3
68859,51,40.182171454659326,2017-04-25,3
68859,52,40.83699929487185,2017-04-25,3
68859,53,41.36553786889377,2017-04-25,3
68859,54,37.910985529155305,2017-04-25,3
68859,55,37.23422525818068,2017-04-25,3
68859,56,42.44028550505516,2017-04-25,3
68859,57,35.09347913624902,2017-04-25,3
68859,58,31.99855708236684,2017-04-25,3
68859,59,27.86830732468827,2017-04-25,3
68859,60,36.60084799443788,2017-04-25,3
68859,61,32.70123188743671,2017-04-25,3
68859,62,34.95678619841578,2017-04-25,3
68859,63,30.54118751949266,2017-04-25,3
68859,64,39.68165952201916,2017-04-25,3
68859,65,34.022612459289576,2017-04-25,3
68859,66,36.493950275974036,2017-04-25,3
68859,67,40.280887258451685,2017-04-25,3
68859,68,43.187464327461726,2017-04-25,3
68859,69,28.07706604365023,2017-04-25,3
68859,70,50.612289883110726,2017-04-25,3
68859,71,34.05198274057338,2017-04-25,3
68859,72,30.382701979681208,2017-04-25,3
68859,73,9.56223628405773,2017-04-25,3
68859,74,27.29518085503986,2017-04-25,3
68859,75,32.51536702343806,2017-04-25,3
68859,76,7.256747172246457,2017-04-25,3
68859,77,38.17384914269901,2017-04-25,3
68859,78,5.082498058266019,2017-04-25,3
68859,79,20.833595275878906,2017-04-25,3
68859,80,21.93178271781389,2017-04-25,3
