segment_id,frame,speed,date,DayInWeek
68859,20,37.50029540092808,2017-04-18,3
68859,21,44.18693294184715,2017-04-18,3
68859,22,38.17856084396456,2017-04-18,3
68859,23,44.1246972053534,2017-04-18,3
68859,24,40.63498696058405,2017-04-18,3
68859,25,45.60873240275011,2017-04-18,3
68859,26,35.27074049675376,2017-04-18,3
68859,27,28.34553136855282,2017-04-18,3
68859,28,39.56516324529005,2017-04-18,3
68859,29,40.03904979304514,2017-04-18,3
68859,30,29.669418390606666,2017-04-18,3
68859,31,42.66888797119992,2017-04-18,3
68859,32,39.44333195605262,2017-04-18,3
68859,33,24.900060372448166,2017-04-18,3
68859,34,35.35971720418099,2017-04-18,3
68859,35,37.75978494658613,2017-04-18,3
68859,36,44.780574444451595,2017-04-18,3
68859,37,40.37899434004449,2017-04-18,3
68859,38,34.920392032051,2017-04-18,3
68859,39,34.31959026749783,2017-04-18,3
68859,40,33.796406572733986,2017-04-18,3
68859,41,39.9345660715573,2017-04-18,3
68859,42,38.73991735475218,2017-04-18,3
68859,43,34.28133510371376,2017-04-18,3
68859,44,32.265730752095585,2017-04-18,3
68859,45,38.26517714143891,2017-04-18,3
68859,46,29.068099945352824,2017-04-18,3
68859,47,32.531395183439066,2017-04-18,3
68859,48,33.79878991809184,2017-04-18,3
68859,49,37.21971031373916,2017-04-18,3
68859,50,45.445258504284,2017-04-18,3
68859,51,36.03479458832689,2017-04-18,3
68859,52,38.58911114208936,2017-04-18,3
68859,53,40.38339647284714,2017-04-18,3
68859,54,37.96459448727697,2017-04-18,3
68859,55,33.86857454922709,2017-04-18,3
68859,56,40.78695081128856,2017-04-18,3
68859,57,39.089560876731625,2017-04-18,3
68859,58,37.55328359805442,2017-04-18,3
68859,59,38.67154617162987,2017-04-18,3
68859,60,42.069028352765294,2017-04-18,3
68859,61,43.062,2017-04-18,3
68859,62,44.92275991977941,2017-04-18,3
68859,63,42.39132224925414,2017-04-18,3
68859,64,33.84384680415813,2017-04-18,3
68859,65,39.84802852974687,2017-04-18,3
68859,66,33.126445609236406,2017-04-18,3
68859,67,36.46172006784158,2017-04-18,3
68859,68,29.39373224298512,2017-04-18,3
68859,69,42.93219764862087,2017-04-18,3
68859,70,34.54916399970915,2017-04-18,3
68859,71,34.930076540537094,2017-04-18,3
68859,72,32.24197140262152,2017-04-18,3
68859,73,41.866353105581894,2017-04-18,3
68859,74,33.47985968083325,2017-04-18,3
68859,75,39.809027691706106,2017-04-18,3
68859,76,35.244169865649376,2017-04-18,3
68859,77,16.104248046875,2017-04-18,3
68859,78,11.056671908723853,2017-04-18,3
68859,79,1.2373822831493226,2017-04-18,3
68859,80,15.69937597352797,2017-04-18,3
