segment_id,frame,speed,date,DayInWeek
68859,20,30.658861843525518,2017-05-03,4
68859,21,16.525278594002405,2017-05-03,4
68859,22,34.18320972096157,2017-05-03,4
68859,23,38.53297811343977,2017-05-03,4
68859,24,44.740763366179834,2017-05-03,4
68859,25,41.807232402170044,2017-05-03,4
68859,26,36.9164108903734,2017-05-03,4
68859,27,42.02293258086658,2017-05-03,4
68859,28,37.61717265665453,2017-05-03,4
68859,29,31.042196218164754,2017-05-03,4
68859,30,34.41613132477504,2017-05-03,4
68859,31,34.67095388536326,2017-05-03,4
68859,32,45.4027198882673,2017-05-03,4
68859,33,38.29000875347574,2017-05-03,4
68859,34,30.111052284796926,2017-05-03,4
68859,35,35.45583272093167,2017-05-03,4
68859,36,20.94982878724655,2017-05-03,4
68859,37,35.65166535577923,2017-05-03,4
68859,38,39.01925580197184,2017-05-03,4
68859,39,40.653342544303484,2017-05-03,4
68859,40,38.09952389929961,2017-05-03,4
68859,41,40.28086066435044,2017-05-03,4
68859,42,36.71439957562197,2017-05-03,4
68859,43,29.451939965580536,2017-05-03,4
68859,44,23.653681526921783,2017-05-03,4
68859,45,38.2035642704974,2017-05-03,4
68859,46,38.81155151917541,2017-05-03,4
68859,47,48.205690452199846,2017-05-03,4
68859,48,35.92007072433246,2017-05-03,4
68859,49,33.5847454325409,2017-05-03,4
68859,50,37.09188478971533,2017-05-03,4
68859,51,40.92385808782754,2017-05-03,4
68859,52,38.97927229528034,2017-05-03,4
68859,53,39.095540504934235,2017-05-03,4
68859,54,37.62767335988737,2017-05-03,4
68859,55,33.25009281995774,2017-05-03,4
68859,56,31.65257546348859,2017-05-03,4
68859,57,44.07480868259884,2017-05-03,4
68859,58,32.19360121983742,2017-05-03,4
68859,59,39.712657430399176,2017-05-03,4
68859,60,39.2769956511639,2017-05-03,4
68859,61,30.56041664140254,2017-05-03,4
68859,62,39.00030012603205,2017-05-03,4
68859,63,35.65127130604501,2017-05-03,4
68859,64,36.18168985117598,2017-05-03,4
68859,65,36.52592040339796,2017-05-03,4
68859,66,39.848966212844076,2017-05-03,4
68859,67,38.42346793151772,2017-05-03,4
68859,68,39.479587985755295,2017-05-03,4
68859,69,39.72150693831044,2017-05-03,4
68859,70,45.02592488791459,2017-05-03,4
68859,71,33.91551056078664,2017-05-03,4
68859,72,38.19720597280791,2017-05-03,4
68859,73,30.856778390490923,2017-05-03,4
68859,74,41.22496513278159,2017-05-03,4
68859,75,40.029161071840605,2017-05-03,4
68859,76,38.60700450082302,2017-05-03,4
68859,77,0.6007080078125,2017-05-03,4
68859,78,18.87050659419745,2017-05-03,4
68859,79,45.557115275408165,2017-05-03,4
68859,80,41.0,2017-05-03,4
