segment_id,frame,speed,date,DayInWeek
68859,20,32.8302309657776,2017-02-20,2
68859,21,28.60108180458021,2017-02-20,2
68859,22,38.59936531495588,2017-02-20,2
68859,23,35.15549580890223,2017-02-20,2
68859,24,38.6764111763204,2017-02-20,2
68859,25,37.44366189254602,2017-02-20,2
68859,26,28.171895064978827,2017-02-20,2
68859,27,38.97631417406793,2017-02-20,2
68859,28,43.42793592759581,2017-02-20,2
68859,29,43.83123528686588,2017-02-20,2
68859,30,40.04289701963238,2017-02-20,2
68859,31,47.44166044198923,2017-02-20,2
68859,32,34.862048659055546,2017-02-20,2
68859,33,35.140344001721104,2017-02-20,2
68859,34,41.5561830876881,2017-02-20,2
68859,35,34.83156387828377,2017-02-20,2
68859,36,44.32890810558709,2017-02-20,2
68859,37,36.03904805939106,2017-02-20,2
68859,38,38.07395472433535,2017-02-20,2
68859,39,38.62929888097422,2017-02-20,2
68859,40,39.34002946853795,2017-02-20,2
68859,41,39.00835022600977,2017-02-20,2
68859,42,43.77517993732422,2017-02-20,2
68859,43,36.285610994958006,2017-02-20,2
68859,44,39.82804363272167,2017-02-20,2
68859,45,41.838427233666835,2017-02-20,2
68859,46,31.262622792512573,2017-02-20,2
68859,47,41.83081072381492,2017-02-20,2
68859,48,35.41947188341611,2017-02-20,2
68859,49,27.025030669319975,2017-02-20,2
68859,50,36.590727053875156,2017-02-20,2
68859,51,41.231235814392264,2017-02-20,2
68859,52,35.556817923225104,2017-02-20,2
68859,53,30.291415602356146,2017-02-20,2
68859,54,43.86157141414595,2017-02-20,2
68859,55,34.900773364727726,2017-02-20,2
68859,56,41.74733276429744,2017-02-20,2
68859,57,45.3353130269472,2017-02-20,2
68859,58,44.73748146137318,2017-02-20,2
68859,59,37.51235191557478,2017-02-20,2
68859,60,33.563018166028904,2017-02-20,2
68859,61,43.29889529254018,2017-02-20,2
68859,62,38.00451042975956,2017-02-20,2
68859,63,35.37818664284763,2017-02-20,2
68859,64,37.39841642958807,2017-02-20,2
68859,65,36.322972869335175,2017-02-20,2
68859,66,35.68099745908316,2017-02-20,2
68859,67,32.85175883029594,2017-02-20,2
68859,68,41.78987883419967,2017-02-20,2
68859,69,38.444901082306416,2017-02-20,2
68859,70,37.87615576325278,2017-02-20,2
68859,71,41.9518826694312,2017-02-20,2
68859,72,39.337457929230155,2017-02-20,2
68859,73,45.35026306234564,2017-02-20,2
68859,74,33.28105864042646,2017-02-20,2
68859,75,37.70529869210702,2017-02-20,2
68859,76,43.992858714405244,2017-02-20,2
68859,77,17.433246358877263,2017-02-20,2
68859,78,35.160290640838596,2017-02-20,2
68859,79,38.29700210215978,2017-02-20,2
68859,80,32.297540523683736,2017-02-20,2
