segment_id,frame,speed,date,DayInWeek
68859,20,22.72756015869121,2017-01-11,4
68859,21,23.75115447978951,2017-01-11,4
68859,22,25.80664825439453,2017-01-11,4
68859,23,39.34022329613589,2017-01-11,4
68859,24,36.74067052057203,2017-01-11,4
68859,25,31.210856811682085,2017-01-11,4
68859,26,38.09909697178327,2017-01-11,4
68859,27,39.26731976899776,2017-01-11,4
68859,28,40.647062550047465,2017-01-11,4
68859,29,25.27393933495148,2017-01-11,4
68859,30,40.8875,2017-01-11,4
68859,31,37.525,2017-01-11,4
68859,32,40.369508981357754,2017-01-11,4
68859,33,46.73246312022292,2017-01-11,4
68859,34,34.23421077869966,2017-01-11,4
68859,35,26.970624857245863,2017-01-11,4
68859,36,23.52802955582258,2017-01-11,4
68859,37,35.25302069071283,2017-01-11,4
68859,38,41.59134010881145,2017-01-11,4
68859,39,42.711332283449835,2017-01-11,4
68859,40,37.103670334790095,2017-01-11,4
68859,41,37.47379503769416,2017-01-11,4
68859,42,38.729960384189255,2017-01-11,4
68859,43,35.32357301365559,2017-01-11,4
68859,44,36.558329815751875,2017-01-11,4
68859,45,38.905842170607514,2017-01-11,4
68859,46,29.483166014515223,2017-01-11,4
68859,47,34.63457054019203,2017-01-11,4
68859,48,38.573,2017-01-11,4
68859,49,36.55774949346174,2017-01-11,4
68859,50,39.1284128365898,2017-01-11,4
68859,51,31.485012311819887,2017-01-11,4
68859,52,37.820442144351794,2017-01-11,4
68859,53,43.04725870694901,2017-01-11,4
68859,54,33.4979669184543,2017-01-11,4
68859,55,37.423411533319765,2017-01-11,4
68859,56,32.92316526057566,2017-01-11,4
68859,57,43.949351496225546,2017-01-11,4
68859,58,43.21828814169251,2017-01-11,4
68859,59,30.684907804402663,2017-01-11,4
68859,60,43.398791423659404,2017-01-11,4
68859,61,40.7056532746135,2017-01-11,4
68859,62,41.03401667123987,2017-01-11,4
68859,63,43.53367547011288,2017-01-11,4
68859,64,40.20242426610446,2017-01-11,4
68859,65,41.05348077111917,2017-01-11,4
68859,66,38.22089015084719,2017-01-11,4
68859,67,37.006011403289605,2017-01-11,4
68859,68,39.423350977868,2017-01-11,4
68859,69,32.02828739642355,2017-01-11,4
68859,70,37.681544765997316,2017-01-11,4
68859,71,29.86130432185048,2017-01-11,4
68859,72,34.537122340768406,2017-01-11,4
68859,73,32.30334270755801,2017-01-11,4
68859,74,31.165195444703535,2017-01-11,4
68859,75,32.84803798573995,2017-01-11,4
68859,76,46.04897110425229,2017-01-11,4
68859,77,41.94963168320603,2017-01-11,4
68859,78,45.96827664535228,2017-01-11,4
68859,79,40.857927042833964,2017-01-11,4
68859,80,25.193607860163095,2017-01-11,4
