segment_id,frame,speed,date,DayInWeek
68859,20,38.323549337822264,2017-02-28,3
68859,21,35.045367883928265,2017-02-28,3
68859,22,35.9484605783862,2017-02-28,3
68859,23,37.22767238719916,2017-02-28,3
68859,24,42.44478167990342,2017-02-28,3
68859,25,48.923427276977506,2017-02-28,3
68859,26,45.558157354537386,2017-02-28,3
68859,27,32.97954993277028,2017-02-28,3
68859,28,41.03207810361913,2017-02-28,3
68859,29,35.29282507851677,2017-02-28,3
68859,30,29.38537188262989,2017-02-28,3
68859,31,34.85629117181638,2017-02-28,3
68859,32,38.32092680447039,2017-02-28,3
68859,33,48.092000000000006,2017-02-28,3
68859,34,38.93611194325366,2017-02-28,3
68859,35,31.430736081193935,2017-02-28,3
68859,36,35.412671950967685,2017-02-28,3
68859,37,37.47272903621969,2017-02-28,3
68859,38,32.98010927954874,2017-02-28,3
68859,39,33.75080147909194,2017-02-28,3
68859,40,40.38133227701073,2017-02-28,3
68859,41,38.10333267783906,2017-02-28,3
68859,42,49.04069864916647,2017-02-28,3
68859,43,47.20442880359604,2017-02-28,3
68859,44,48.05938498445178,2017-02-28,3
68859,45,43.59175091959184,2017-02-28,3
68859,46,40.36276344408739,2017-02-28,3
68859,47,39.6435686390913,2017-02-28,3
68859,48,38.97755005234451,2017-02-28,3
68859,49,34.5368814190949,2017-02-28,3
68859,50,37.11175172152387,2017-02-28,3
68859,51,32.59586280530868,2017-02-28,3
68859,52,43.71317666116583,2017-02-28,3
68859,53,37.73755933113987,2017-02-28,3
68859,54,35.6374282805849,2017-02-28,3
68859,55,36.206990338079535,2017-02-28,3
68859,56,35.68766221539559,2017-02-28,3
68859,57,41.60398984568288,2017-02-28,3
68859,58,40.38258524337585,2017-02-28,3
68859,59,35.24407137973687,2017-02-28,3
68859,60,26.828657460411527,2017-02-28,3
68859,61,39.43018717924563,2017-02-28,3
68859,62,39.0270673761473,2017-02-28,3
68859,63,43.05290981938609,2017-02-28,3
68859,64,48.262234818636635,2017-02-28,3
68859,65,43.123776574010165,2017-02-28,3
68859,66,37.0,2017-02-28,3
68859,67,34.437451823807024,2017-02-28,3
68859,68,43.8754297765996,2017-02-28,3
68859,69,31.538565896714374,2017-02-28,3
68859,70,48.40558592663056,2017-02-28,3
68859,71,25.49516799306214,2017-02-28,3
68859,72,21.771452720726224,2017-02-28,3
68859,73,47.86060010253822,2017-02-28,3
68859,74,21.834339666976007,2017-02-28,3
68859,75,36.211385134165795,2017-02-28,3
68859,76,37.74685302764275,2017-02-28,3
68859,77,49.03590071904879,2017-02-28,3
68859,78,39.324603554816264,2017-02-28,3
68859,79,36.29276530062717,2017-02-28,3
68859,80,16.08646107407241,2017-02-28,3
