segment_id,frame,speed,date,DayInWeek
68859,20,22.602590278869446,2017-05-04,5
68859,21,31.166081106850083,2017-05-04,5
68859,22,33.129583494558084,2017-05-04,5
68859,23,30.633919356102673,2017-05-04,5
68859,24,20.294064505933477,2017-05-04,5
68859,25,25.747386539916636,2017-05-04,5
68859,26,14.193380615234375,2017-05-04,5
68859,27,27.736937067460723,2017-05-04,5
68859,28,17.742820100180904,2017-05-04,5
68859,29,28.469443445774594,2017-05-04,5
68859,30,29.81969087552526,2017-05-04,5
68859,31,40.24416939040108,2017-05-04,5
68859,32,41.749828616674236,2017-05-04,5
68859,33,43.19596623170149,2017-05-04,5
68859,34,17.476906863529198,2017-05-04,5
68859,35,12.139369518980075,2017-05-04,5
68859,36,23.715156898599552,2017-05-04,5
68859,37,19.172944087760186,2017-05-04,5
68859,38,20.469089244098775,2017-05-04,5
68859,39,21.627274592211855,2017-05-04,5
68859,40,37.07494752309394,2017-05-04,5
68859,41,11.943295658338325,2017-05-04,5
68859,42,38.600110467295096,2017-05-04,5
68859,43,35.96648490350515,2017-05-04,5
68859,44,16.22894909531106,2017-05-04,5
68859,45,19.56844629354199,2017-05-04,5
68859,46,28.833117432930568,2017-05-04,5
68859,47,38.28006866361679,2017-05-04,5
68859,48,26.451855303323462,2017-05-04,5
68859,49,18.094531448999415,2017-05-04,5
68859,50,35.689741580310674,2017-05-04,5
68859,51,23.837744587308016,2017-05-04,5
68859,52,22.638468725116354,2017-05-04,5
68859,53,27.667769577650542,2017-05-04,5
68859,54,17.347441517024823,2017-05-04,5
68859,55,35.265765702726085,2017-05-04,5
68859,56,25.583628102011446,2017-05-04,5
68859,57,32.257456615407676,2017-05-04,5
68859,58,19.275304919441588,2017-05-04,5
68859,59,40.403602886423734,2017-05-04,5
68859,60,28.766579948808467,2017-05-04,5
68859,61,42.86554200376248,2017-05-04,5
68859,62,29.470839631697466,2017-05-04,5
68859,63,29.03963467573707,2017-05-04,5
68859,64,30.739116045204568,2017-05-04,5
68859,65,28.40053619152269,2017-05-04,5
68859,66,10.49351516662847,2017-05-04,5
68859,67,22.48229726155599,2017-05-04,5
68859,68,29.441622714469975,2017-05-04,5
68859,69,21.48938227972049,2017-05-04,5
68859,70,19.283793487666056,2017-05-04,5
68859,71,26.009641658592745,2017-05-04,5
68859,72,24.933864670679434,2017-05-04,5
68859,73,15.629053128309328,2017-05-04,5
68859,74,17.925051999786284,2017-05-04,5
68859,75,12.9498484851821,2017-05-04,5
68859,76,32.27038027648054,2017-05-04,5
68859,77,14.717837391284535,2017-05-04,5
68859,78,22.567511973495172,2017-05-04,5
68859,79,13.828234035274505,2017-05-04,5
68859,80,14.583264840242942,2017-05-04,5
