segment_id,frame,speed,date,DayInWeek
68859,20,36.527453579215305,2017-03-15,4
68859,21,50.041458530214896,2017-03-15,4
68859,22,35.94327400267907,2017-03-15,4
68859,23,32.058849770410234,2017-03-15,4
68859,24,35.33291478173342,2017-03-15,4
68859,25,37.532774985095266,2017-03-15,4
68859,26,32.78312233472729,2017-03-15,4
68859,27,35.94431735865514,2017-03-15,4
68859,28,38.48288959090497,2017-03-15,4
68859,29,42.832279758855634,2017-03-15,4
68859,30,40.251787595302844,2017-03-15,4
68859,31,40.40836351349213,2017-03-15,4
68859,32,37.98399903488405,2017-03-15,4
68859,33,35.50598355924107,2017-03-15,4
68859,34,38.6852494847531,2017-03-15,4
68859,35,46.3275,2017-03-15,4
68859,36,41.13730870020168,2017-03-15,4
68859,37,33.728460546343825,2017-03-15,4
68859,38,40.021491893256304,2017-03-15,4
68859,39,43.32,2017-03-15,4
68859,40,33.410334576746926,2017-03-15,4
68859,41,39.09594357270744,2017-03-15,4
68859,42,31.577109638328338,2017-03-15,4
68859,43,43.29830795629542,2017-03-15,4
68859,44,31.643724818621983,2017-03-15,4
68859,45,40.61758804635667,2017-03-15,4
68859,46,39.132808795664474,2017-03-15,4
68859,47,40.15824570061888,2017-03-15,4
68859,48,33.0138084310117,2017-03-15,4
68859,49,36.60389331851641,2017-03-15,4
68859,50,38.18056374859508,2017-03-15,4
68859,51,36.01071892437034,2017-03-15,4
68859,52,36.64575105912942,2017-03-15,4
68859,53,36.07367728408377,2017-03-15,4
68859,54,36.21220897661194,2017-03-15,4
68859,55,23.870783344252477,2017-03-15,4
68859,56,36.249732562830744,2017-03-15,4
68859,57,40.52553576916367,2017-03-15,4
68859,58,42.57663521529362,2017-03-15,4
68859,59,30.908988576585227,2017-03-15,4
68859,60,37.66742483409888,2017-03-15,4
68859,61,41.130286056378104,2017-03-15,4
68859,62,36.2123930633716,2017-03-15,4
68859,63,34.82343933495147,2017-03-15,4
68859,64,36.917360747008345,2017-03-15,4
68859,65,41.07773017647272,2017-03-15,4
68859,66,32.68991235019691,2017-03-15,4
68859,67,36.824912213905904,2017-03-15,4
68859,68,33.860665503777525,2017-03-15,4
68859,69,36.95737768184878,2017-03-15,4
68859,70,43.86328972521653,2017-03-15,4
68859,71,40.16906344886485,2017-03-15,4
68859,72,35.326404249798294,2017-03-15,4
68859,73,44.12281322848812,2017-03-15,4
68859,74,36.62015540852386,2017-03-15,4
68859,75,26.991902503551586,2017-03-15,4
68859,76,28.778,2017-03-15,4
68859,77,39.49016920444218,2017-03-15,4
68859,78,38.84061080632519,2017-03-15,4
68859,79,23.99557502466775,2017-03-15,4
68859,80,38.38283942717868,2017-03-15,4
