segment_id,frame,speed,date,DayInWeek
68859,20,34.603435635488985,2017-01-29,1
68859,21,31.374965355893714,2017-01-29,1
68859,22,34.02051662639045,2017-01-29,1
68859,23,36.25174177407893,2017-01-29,1
68859,24,38.49411426530698,2017-01-29,1
68859,25,38.79240449540002,2017-01-29,1
68859,26,36.5105,2017-01-29,1
68859,27,38.68463186689819,2017-01-29,1
68859,28,45.29323550795305,2017-01-29,1
68859,29,36.42741910076512,2017-01-29,1
68859,30,43.327263108543,2017-01-29,1
68859,31,28.725146997909256,2017-01-29,1
68859,32,48.40822532520248,2017-01-29,1
68859,33,42.71515524177764,2017-01-29,1
68859,34,27.867572333547916,2017-01-29,1
68859,35,46.25008549017301,2017-01-29,1
68859,36,42.40962327243448,2017-01-29,1
68859,37,43.80868598610438,2017-01-29,1
68859,38,41.434404024038685,2017-01-29,1
68859,39,35.0,2017-01-29,1
68859,40,38.73789646202469,2017-01-29,1
68859,41,44.652509511422025,2017-01-29,1
68859,42,46.613032952545915,2017-01-29,1
68859,43,39.214431941482125,2017-01-29,1
68859,44,42.361304351476775,2017-01-29,1
68859,45,40.19027765706108,2017-01-29,1
68859,46,46.64616440995968,2017-01-29,1
68859,47,40.354083333333335,2017-01-29,1
68859,48,27.546958634718326,2017-01-29,1
68859,49,38.44575,2017-01-29,1
68859,50,41.30403748221887,2017-01-29,1
68859,51,39.36238090362184,2017-01-29,1
68859,52,50.47801276948664,2017-01-29,1
68859,53,41.21156325379051,2017-01-29,1
68859,54,40.321344781126285,2017-01-29,1
68859,55,32.318241204114244,2017-01-29,1
68859,56,56.59463033567723,2017-01-29,1
68859,57,40.17356764495405,2017-01-29,1
68859,58,41.675125638276214,2017-01-29,1
68859,59,38.297357372549214,2017-01-29,1
68859,60,49.30437312582926,2017-01-29,1
68859,61,42.32173142062526,2017-01-29,1
68859,62,37.4485,2017-01-29,1
68859,63,43.47075120728092,2017-01-29,1
68859,64,34.808629941221724,2017-01-29,1
68859,65,40.71573904607746,2017-01-29,1
68859,66,30.54716064015282,2017-01-29,1
68859,67,36.80461543863611,2017-01-29,1
68859,68,32.70707083503099,2017-01-29,1
68859,69,39.03553010579152,2017-01-29,1
68859,70,43.718089332793554,2017-01-29,1
68859,71,44.28845537752055,2017-01-29,1
68859,72,39.00903791870234,2017-01-29,1
68859,73,42.03646438108484,2017-01-29,1
68859,74,43.99569864916647,2017-01-29,1
68859,75,42.4028438560184,2017-01-29,1
68859,76,36.18304028058111,2017-01-29,1
68859,77,47.78065990726357,2017-01-29,1
68859,78,46.21375873455582,2017-01-29,1
68859,79,43.463900666199976,2017-01-29,1
68859,80,45.682460273968644,2017-01-29,1
