segment_id,frame,speed,date,DayInWeek
68859,20,36.06896562844962,2017-01-26,5
68859,21,42.10551885195936,2017-01-26,5
68859,22,36.25472928305539,2017-01-26,5
68859,23,32.35678573033232,2017-01-26,5
68859,24,20.42446543375651,2017-01-26,5
68859,25,47.52128674592939,2017-01-26,5
68859,26,39.11270340741447,2017-01-26,5
68859,27,43.273858709484664,2017-01-26,5
68859,28,42.70156533937669,2017-01-26,5
68859,29,45.91633409424373,2017-01-26,5
68859,30,37.21269556112593,2017-01-26,5
68859,31,39.72518412205441,2017-01-26,5
68859,32,43.04195464948177,2017-01-26,5
68859,33,39.43322659181369,2017-01-26,5
68859,34,40.84662589674805,2017-01-26,5
68859,35,43.665713997082506,2017-01-26,5
68859,36,36.159237036939864,2017-01-26,5
68859,37,37.56301291026928,2017-01-26,5
68859,38,36.251623296789916,2017-01-26,5
68859,39,40.31019876714073,2017-01-26,5
68859,40,45.79684011751451,2017-01-26,5
68859,41,44.12686702768385,2017-01-26,5
68859,42,42.52775665942822,2017-01-26,5
68859,43,39.81997756866163,2017-01-26,5
68859,44,42.629783391647706,2017-01-26,5
68859,45,44.93653283111682,2017-01-26,5
68859,46,46.29598580138476,2017-01-26,5
68859,47,38.29704045746361,2017-01-26,5
68859,48,45.66618660657938,2017-01-26,5
68859,49,37.90319219530852,2017-01-26,5
68859,50,46.101037283444086,2017-01-26,5
68859,51,32.22658445240759,2017-01-26,5
68859,52,37.804084293637274,2017-01-26,5
68859,53,43.01038478377664,2017-01-26,5
68859,54,42.026273589552275,2017-01-26,5
68859,55,40.69611554885191,2017-01-26,5
68859,56,38.154830020586594,2017-01-26,5
68859,57,43.898724871644376,2017-01-26,5
68859,58,35.52661760897669,2017-01-26,5
68859,59,37.04305409563223,2017-01-26,5
68859,60,41.899553859822966,2017-01-26,5
68859,61,48.25508062934755,2017-01-26,5
68859,62,45.60231235592451,2017-01-26,5
68859,63,44.696810103157304,2017-01-26,5
68859,64,42.00349454258075,2017-01-26,5
68859,65,37.57870688297021,2017-01-26,5
68859,66,34.374045097324455,2017-01-26,5
68859,67,42.738562446487336,2017-01-26,5
68859,68,46.92271796377735,2017-01-26,5
68859,69,41.99228249115406,2017-01-26,5
68859,70,46.686052411520876,2017-01-26,5
68859,71,45.29999766672536,2017-01-26,5
68859,72,31.527600998081382,2017-01-26,5
68859,73,39.37260006227814,2017-01-26,5
68859,74,36.11627295514784,2017-01-26,5
68859,75,43.735276198276765,2017-01-26,5
68859,76,6.494642669938034,2017-01-26,5
68859,77,38.06225579985589,2017-01-26,5
68859,78,33.02883219433298,2017-01-26,5
68859,79,36.69207222152682,2017-01-26,5
68859,80,34.35551665611601,2017-01-26,5
