segment_id,frame,speed,date,DayInWeek
68859,20,39.44089560924883,2017-05-30,3
68859,21,34.39803159930099,2017-05-30,3
68859,22,23.024635641807638,2017-05-30,3
68859,23,28.886474669459393,2017-05-30,3
68859,24,32.61826359092548,2017-05-30,3
68859,25,42.66532989728064,2017-05-30,3
68859,26,32.821928505168145,2017-05-30,3
68859,27,34.45488707995589,2017-05-30,3
68859,28,42.847961675262056,2017-05-30,3
68859,29,38.219246887334094,2017-05-30,3
68859,30,34.089995362853806,2017-05-30,3
68859,31,31.891633571013315,2017-05-30,3
68859,32,37.797690432292924,2017-05-30,3
68859,33,22.27674175631986,2017-05-30,3
68859,34,32.24018018219013,2017-05-30,3
68859,35,45.682991121673176,2017-05-30,3
68859,36,42.21902211818668,2017-05-30,3
68859,37,36.504095526655064,2017-05-30,3
68859,38,38.24388805288737,2017-05-30,3
68859,39,33.03183861249042,2017-05-30,3
68859,40,41.24177159076875,2017-05-30,3
68859,41,41.01291960182123,2017-05-30,3
68859,42,23.47356478322983,2017-05-30,3
68859,43,34.301799417189585,2017-05-30,3
68859,44,26.679735162749097,2017-05-30,3
68859,45,36.026160228610586,2017-05-30,3
68859,46,40.634268467729825,2017-05-30,3
68859,47,45.32657501116367,2017-05-30,3
68859,48,38.727333400845694,2017-05-30,3
68859,49,33.450854579162836,2017-05-30,3
68859,50,31.15556159281946,2017-05-30,3
68859,51,36.67887922747898,2017-05-30,3
68859,52,34.36711987672401,2017-05-30,3
68859,53,39.705061765527304,2017-05-30,3
68859,54,39.50225712442212,2017-05-30,3
68859,55,44.057200130069916,2017-05-30,3
68859,56,32.29551940033309,2017-05-30,3
68859,57,35.75,2017-05-30,3
68859,58,31.287983596544176,2017-05-30,3
68859,59,37.94302940006646,2017-05-30,3
68859,60,37.48636900081702,2017-05-30,3
68859,61,34.81115522731221,2017-05-30,3
68859,62,37.87148870162238,2017-05-30,3
68859,63,46.22979560453119,2017-05-30,3
68859,64,37.987740939880624,2017-05-30,3
68859,65,39.42690083632817,2017-05-30,3
68859,66,35.338165538543734,2017-05-30,3
68859,67,37.73124222941496,2017-05-30,3
68859,68,33.914669510268446,2017-05-30,3
68859,69,38.51042778323688,2017-05-30,3
68859,70,47.4993527296499,2017-05-30,3
68859,71,33.463352157728615,2017-05-30,3
68859,72,39.18320749810971,2017-05-30,3
68859,73,31.59960244698306,2017-05-30,3
68859,74,30.204163672853607,2017-05-30,3
68859,75,29.98829636071775,2017-05-30,3
68859,76,38.65688625466331,2017-05-30,3
68859,77,38.36540919324851,2017-05-30,3
68859,78,30.65516662127537,2017-05-30,3
68859,79,26.42784314941875,2017-05-30,3
68859,80,27.424441329136215,2017-05-30,3
