segment_id,frame,speed,date,DayInWeek
68859,20,25.305008753057308,2017-04-26,4
68859,21,23.061538923417217,2017-04-26,4
68859,22,40.52576352462576,2017-04-26,4
68859,23,45.705574120625606,2017-04-26,4
68859,24,33.08733539879458,2017-04-26,4
68859,25,38.39656895671001,2017-04-26,4
68859,26,44.61853474709424,2017-04-26,4
68859,27,27.355932148717898,2017-04-26,4
68859,28,41.32270250921416,2017-04-26,4
68859,29,37.66262820016086,2017-04-26,4
68859,30,30.596742203869766,2017-04-26,4
68859,31,42.79416175668936,2017-04-26,4
68859,32,32.97272016262659,2017-04-26,4
68859,33,20.860074620308012,2017-04-26,4
68859,34,36.41890118072587,2017-04-26,4
68859,35,37.051,2017-04-26,4
68859,36,33.4402692827094,2017-04-26,4
68859,37,35.59539685497843,2017-04-26,4
68859,38,42.40570646357421,2017-04-26,4
68859,39,43.1163493939493,2017-04-26,4
68859,40,43.034077685550386,2017-04-26,4
68859,41,34.93865338523034,2017-04-26,4
68859,42,34.67377334425659,2017-04-26,4
68859,43,36.65032901626817,2017-04-26,4
68859,44,28.42922710082996,2017-04-26,4
68859,45,42.35070442273823,2017-04-26,4
68859,46,37.49828059665191,2017-04-26,4
68859,47,41.624288556356774,2017-04-26,4
68859,48,38.04491036992072,2017-04-26,4
68859,49,43.89875000000001,2017-04-26,4
68859,50,45.013122183957684,2017-04-26,4
68859,51,36.101657553055986,2017-04-26,4
68859,52,36.10257398933209,2017-04-26,4
68859,53,39.44444351131139,2017-04-26,4
68859,54,29.59848878360578,2017-04-26,4
68859,55,33.462400781877705,2017-04-26,4
68859,56,40.231035073862266,2017-04-26,4
68859,57,35.24842158173057,2017-04-26,4
68859,58,36.57275,2017-04-26,4
68859,59,33.02748449099201,2017-04-26,4
68859,60,36.32034396541832,2017-04-26,4
68859,61,34.96728915849214,2017-04-26,4
68859,62,47.510374999999996,2017-04-26,4
68859,63,42.05996991311519,2017-04-26,4
68859,64,40.717092186615076,2017-04-26,4
68859,65,33.613422306660325,2017-04-26,4
68859,66,32.6806891407647,2017-04-26,4
68859,67,44.98623677080864,2017-04-26,4
68859,68,39.519149023744546,2017-04-26,4
68859,69,40.30488308901596,2017-04-26,4
68859,70,33.912721436059215,2017-04-26,4
68859,71,37.903999999999996,2017-04-26,4
68859,72,38.077468241365295,2017-04-26,4
68859,73,38.48890803311525,2017-04-26,4
68859,74,39.209920591009734,2017-04-26,4
68859,75,38.15767870630222,2017-04-26,4
68859,76,42.26270561999904,2017-04-26,4
68859,77,52.7070267854686,2017-04-26,4
68859,78,15.859756487435865,2017-04-26,4
68859,79,34.62714867141205,2017-04-26,4
68859,80,19.758460739956494,2017-04-26,4
