segment_id,frame,speed,date,DayInWeek
68859,20,41.645051084361164,2017-03-16,5
68859,21,35.07010779632799,2017-03-16,5
68859,22,36.46632174248523,2017-03-16,5
68859,23,40.953356887660895,2017-03-16,5
68859,24,42.78192974768402,2017-03-16,5
68859,25,34.02865041660527,2017-03-16,5
68859,26,49.048,2017-03-16,5
68859,27,35.717910456846454,2017-03-16,5
68859,28,33.14895649146467,2017-03-16,5
68859,29,40.62448633750686,2017-03-16,5
68859,30,40.40029502018144,2017-03-16,5
68859,31,45.049255756050385,2017-03-16,5
68859,32,35.938557037414206,2017-03-16,5
68859,33,36.85717473300508,2017-03-16,5
68859,34,10.986198438559406,2017-03-16,5
68859,35,20.93399321324491,2017-03-16,5
68859,36,31.101876610514772,2017-03-16,5
68859,37,16.900139350310035,2017-03-16,5
68859,38,16.49881149838987,2017-03-16,5
68859,39,38.85,2017-03-16,5
68859,40,38.84711414539508,2017-03-16,5
68859,41,33.72341688553318,2017-03-16,5
68859,42,33.34921539350384,2017-03-16,5
68859,43,32.27096009695267,2017-03-16,5
68859,44,40.36492575310002,2017-03-16,5
68859,45,40.97198034594047,2017-03-16,5
68859,46,34.20588313705365,2017-03-16,5
68859,47,35.47106333476049,2017-03-16,5
68859,48,24.685,2017-03-16,5
68859,49,37.86363193829729,2017-03-16,5
68859,50,43.31836610885891,2017-03-16,5
68859,51,36.676359681057455,2017-03-16,5
68859,52,37.642942007201746,2017-03-16,5
68859,53,37.790503559223396,2017-03-16,5
68859,54,38.705784414652044,2017-03-16,5
68859,55,39.65376450276418,2017-03-16,5
68859,56,35.573754520968365,2017-03-16,5
68859,57,28.040213994872627,2017-03-16,5
68859,58,35.76134892989909,2017-03-16,5
68859,59,40.27924792791296,2017-03-16,5
68859,60,41.13160971111327,2017-03-16,5
68859,61,26.8,2017-03-16,5
68859,62,40.69246446553138,2017-03-16,5
68859,63,31.523938912130085,2017-03-16,5
68859,64,37.50532865329972,2017-03-16,5
68859,65,41.0576085155424,2017-03-16,5
68859,66,35.140908171880184,2017-03-16,5
68859,67,37.316206081719,2017-03-16,5
68859,68,40.84517018633366,2017-03-16,5
68859,69,40.601870126444126,2017-03-16,5
68859,70,44.654088081346856,2017-03-16,5
68859,71,43.0,2017-03-16,5
68859,72,42.54082198252607,2017-03-16,5
68859,73,39.221182944303415,2017-03-16,5
68859,74,42.429772975275924,2017-03-16,5
68859,75,39.75695244461251,2017-03-16,5
68859,76,28.606937885335892,2017-03-16,5
68859,77,29.126320939794518,2017-03-16,5
68859,78,26.630586658830293,2017-03-16,5
68859,79,38.0,2017-03-16,5
68859,80,45.630189988017314,2017-03-16,5
