segment_id,frame,speed,date,DayInWeek
68859,20,30.364392992836677,2017-04-29,7
68859,21,23.16041905517578,2017-04-29,7
68859,22,28.80704488981319,2017-04-29,7
68859,23,30.80431096219355,2017-04-29,7
68859,24,30.000481447220825,2017-04-29,7
68859,25,40.32430763283704,2017-04-29,7
68859,26,39.041947274191934,2017-04-29,7
68859,27,34.65823709492549,2017-04-29,7
68859,28,38.159651100708516,2017-04-29,7
68859,29,41.16047331481387,2017-04-29,7
68859,30,53.233499868159186,2017-04-29,7
68859,31,40.0515148717164,2017-04-29,7
68859,32,42.454697792811714,2017-04-29,7
68859,33,36.33947176118123,2017-04-29,7
68859,34,48.322110757677706,2017-04-29,7
68859,35,35.12794663139449,2017-04-29,7
68859,36,24.870793401381775,2017-04-29,7
68859,37,37.67144978506444,2017-04-29,7
68859,38,34.05022607165937,2017-04-29,7
68859,39,32.816936113949524,2017-04-29,7
68859,40,40.44197941309285,2017-04-29,7
68859,41,33.118057055775935,2017-04-29,7
68859,42,37.985462834222155,2017-04-29,7
68859,43,35.11065976956834,2017-04-29,7
68859,44,45.20710768833909,2017-04-29,7
68859,45,36.8559619020169,2017-04-29,7
68859,46,39.24532733212078,2017-04-29,7
68859,47,43.4601460232297,2017-04-29,7
68859,48,42.24282580932237,2017-04-29,7
68859,49,38.65815828888289,2017-04-29,7
68859,50,53.0,2017-04-29,7
68859,51,37.94344688299168,2017-04-29,7
68859,52,40.46407458166129,2017-04-29,7
68859,53,36.00014680776229,2017-04-29,7
68859,54,36.12180115739196,2017-04-29,7
68859,55,38.94739185591074,2017-04-29,7
68859,56,34.80458302493625,2017-04-29,7
68859,57,38.51411253366801,2017-04-29,7
68859,58,46.31225237133683,2017-04-29,7
68859,59,40.33682597025633,2017-04-29,7
68859,60,37.20497132158975,2017-04-29,7
68859,61,42.20160220991929,2017-04-29,7
68859,62,46.70528917517689,2017-04-29,7
68859,63,38.663708392620606,2017-04-29,7
68859,64,40.199892015664844,2017-04-29,7
68859,65,43.186011788946175,2017-04-29,7
68859,66,38.575563234252385,2017-04-29,7
68859,67,45.264186762779694,2017-04-29,7
68859,68,35.877510398869916,2017-04-29,7
68859,69,34.17033903890252,2017-04-29,7
68859,70,39.10822180275766,2017-04-29,7
68859,71,46.549063108886955,2017-04-29,7
68859,72,43.68071973906223,2017-04-29,7
68859,73,34.62241384911796,2017-04-29,7
68859,74,45.65030715926693,2017-04-29,7
68859,75,41.45982367083152,2017-04-29,7
68859,76,35.164130988531866,2017-04-29,7
68859,77,34.19964380748666,2017-04-29,7
68859,78,27.60220106276792,2017-04-29,7
68859,79,22.55965177080294,2017-04-29,7
68859,80,43.5,2017-04-29,7
