segment_id,frame,speed,date,DayInWeek
68859,20,51.05106202664104,2017-03-26,1
68859,21,46.00232477381089,2017-03-26,1
68859,22,36.021503612884835,2017-03-26,1
68859,23,39.6357461248324,2017-03-26,1
68859,24,32.420473340787886,2017-03-26,1
68859,25,46.85880099864069,2017-03-26,1
68859,26,31.909543409433425,2017-03-26,1
68859,27,40.0094201078025,2017-03-26,1
68859,28,40.75792220834715,2017-03-26,1
68859,29,37.83558898417254,2017-03-26,1
68859,30,41.70715366606742,2017-03-26,1
68859,31,37.17557903077046,2017-03-26,1
68859,32,42.66117985133762,2017-03-26,1
68859,33,35.16038339891067,2017-03-26,1
68859,34,40.129768467729825,2017-03-26,1
68859,35,42.43499072919499,2017-03-26,1
68859,36,34.84035396411102,2017-03-26,1
68859,37,45.57580870558974,2017-03-26,1
68859,38,36.001606722474904,2017-03-26,1
68859,39,39.17768581863729,2017-03-26,1
68859,40,39.9191629386809,2017-03-26,1
68859,41,30.331243278345884,2017-03-26,1
68859,42,37.034240387505264,2017-03-26,1
68859,43,36.33582002388728,2017-03-26,1
68859,44,42.25639733232401,2017-03-26,1
68859,45,40.57425845777852,2017-03-26,1
68859,46,29.9159685489215,2017-03-26,1
68859,47,35.846771872236644,2017-03-26,1
68859,48,38.87711697799743,2017-03-26,1
68859,49,45.132341073868545,2017-03-26,1
68859,50,44.77037158318156,2017-03-26,1
68859,51,36.131307089882505,2017-03-26,1
68859,52,33.941850520362884,2017-03-26,1
68859,53,40.122867263543014,2017-03-26,1
68859,54,39.16813758173713,2017-03-26,1
68859,55,34.78421894013363,2017-03-26,1
68859,56,44.58934216233476,2017-03-26,1
68859,57,36.93816165045516,2017-03-26,1
68859,58,40.29907207859989,2017-03-26,1
68859,59,39.89497669291245,2017-03-26,1
68859,60,40.86257649368845,2017-03-26,1
68859,61,31.732501518853518,2017-03-26,1
68859,62,50.33607118712697,2017-03-26,1
68859,63,37.38498592373247,2017-03-26,1
68859,64,41.138085263958594,2017-03-26,1
68859,65,37.41194887785076,2017-03-26,1
68859,66,46.07478911032346,2017-03-26,1
68859,67,44.92523961279214,2017-03-26,1
68859,68,35.201910723066405,2017-03-26,1
68859,69,35.56333302598277,2017-03-26,1
68859,70,39.38468523090944,2017-03-26,1
68859,71,37.611712670076194,2017-03-26,1
68859,72,44.26661009039611,2017-03-26,1
68859,73,35.96338029014356,2017-03-26,1
68859,74,31.28777358229641,2017-03-26,1
68859,75,29.556145949946362,2017-03-26,1
68859,76,29.998824715637106,2017-03-26,1
68859,77,28.554617237656437,2017-03-26,1
68859,78,38.214427300523425,2017-03-26,1
68859,79,34.86274360766182,2017-03-26,1
68859,80,18.2663981123929,2017-03-26,1
