segment_id,frame,speed,date,DayInWeek
68859,20,43.229231086619116,2017-05-14,1
68859,21,42.3815,2017-05-14,1
68859,22,30.58044462388213,2017-05-14,1
68859,23,34.476399567850194,2017-05-14,1
68859,24,34.18888973339759,2017-05-14,1
68859,25,37.371603497385706,2017-05-14,1
68859,26,34.65836101582902,2017-05-14,1
68859,27,38.042042990017556,2017-05-14,1
68859,28,28.76389067967707,2017-05-14,1
68859,29,38.98105088414361,2017-05-14,1
68859,30,42.22381000209143,2017-05-14,1
68859,31,41.04605285465246,2017-05-14,1
68859,32,34.4369056179705,2017-05-14,1
68859,33,42.015,2017-05-14,1
68859,34,39.58311129741402,2017-05-14,1
68859,35,37.55850921047764,2017-05-14,1
68859,36,32.426038801278494,2017-05-14,1
68859,37,40.94936841481433,2017-05-14,1
68859,38,44.873695627302155,2017-05-14,1
68859,39,32.03475681602223,2017-05-14,1
68859,40,33.753735656915055,2017-05-14,1
68859,41,37.74110768687977,2017-05-14,1
68859,42,38.613179742476966,2017-05-14,1
68859,43,37.44863533463868,2017-05-14,1
68859,44,42.158506071821265,2017-05-14,1
68859,45,37.03968605951653,2017-05-14,1
68859,46,39.35088353373376,2017-05-14,1
68859,47,40.89205629900387,2017-05-14,1
68859,48,37.167890807948204,2017-05-14,1
68859,49,47.48043579623287,2017-05-14,1
68859,50,37.19485117002739,2017-05-14,1
68859,51,31.66790787797508,2017-05-14,1
68859,52,44.44549742233034,2017-05-14,1
68859,53,32.970427224953816,2017-05-14,1
68859,54,42.02006013654565,2017-05-14,1
68859,55,35.80671215236049,2017-05-14,1
68859,56,41.024003417241595,2017-05-14,1
68859,57,39.56904358495176,2017-05-14,1
68859,58,40.54794530152004,2017-05-14,1
68859,59,45.38853208877758,2017-05-14,1
68859,60,38.91502140026306,2017-05-14,1
68859,61,37.707671987483366,2017-05-14,1
68859,62,42.0,2017-05-14,1
68859,63,36.825424095888394,2017-05-14,1
68859,64,38.602901347310244,2017-05-14,1
68859,65,38.58537344707952,2017-05-14,1
68859,66,39.66343701785537,2017-05-14,1
68859,67,43.896858577085794,2017-05-14,1
68859,68,36.8656088050063,2017-05-14,1
68859,69,34.43502292236596,2017-05-14,1
68859,70,37.30445215909991,2017-05-14,1
68859,71,34.65878078186773,2017-05-14,1
68859,72,45.17408421903795,2017-05-14,1
68859,73,36.88471128100523,2017-05-14,1
68859,74,36.316079511970855,2017-05-14,1
68859,75,34.08519708822106,2017-05-14,1
68859,76,34.5939929419297,2017-05-14,1
68859,77,35.13475,2017-05-14,1
68859,78,44.0,2017-05-14,1
68859,79,32.00608349684074,2017-05-14,1
68859,80,10.699333646817161,2017-05-14,1
