segment_id,frame,speed,date,DayInWeek
68859,20,38.26887333674777,2017-05-12,6
68859,21,36.36335411147574,2017-05-12,6
68859,22,41.17748247009979,2017-05-12,6
68859,23,38.163669771520986,2017-05-12,6
68859,24,43.69492690090367,2017-05-12,6
68859,25,43.55260434911251,2017-05-12,6
68859,26,37.33964132072297,2017-05-12,6
68859,27,30.33976719030946,2017-05-12,6
68859,28,31.474445174750933,2017-05-12,6
68859,29,37.354252074810034,2017-05-12,6
68859,30,47.50289422139799,2017-05-12,6
68859,31,47.830163446374684,2017-05-12,6
68859,32,44.88860170698656,2017-05-12,6
68859,33,37.5915169678824,2017-05-12,6
68859,34,33.53149045335754,2017-05-12,6
68859,35,35.33887566759006,2017-05-12,6
68859,36,41.88026798540945,2017-05-12,6
68859,37,37.938507171788814,2017-05-12,6
68859,38,40.549818052337784,2017-05-12,6
68859,39,37.568599694795154,2017-05-12,6
68859,40,29.68403119335921,2017-05-12,6
68859,41,36.81657899191313,2017-05-12,6
68859,42,38.64429651765724,2017-05-12,6
68859,43,40.99873774277026,2017-05-12,6
68859,44,32.01104371158806,2017-05-12,6
68859,45,36.62499024223485,2017-05-12,6
68859,46,36.792234873128535,2017-05-12,6
68859,47,43.88768626716701,2017-05-12,6
68859,48,39.37570307294127,2017-05-12,6
68859,49,34.386822614671594,2017-05-12,6
68859,50,32.41725368558721,2017-05-12,6
68859,51,37.0876853421811,2017-05-12,6
68859,52,31.910916683933348,2017-05-12,6
68859,53,32.15765225721266,2017-05-12,6
68859,54,27.05529688805919,2017-05-12,6
68859,55,41.23826936411997,2017-05-12,6
68859,56,14.648202771723515,2017-05-12,6
68859,57,33.13266431123509,2017-05-12,6
68859,58,11.526350692486576,2017-05-12,6
68859,59,30.6609853505403,2017-05-12,6
68859,60,25.483029238770346,2017-05-12,6
68859,61,35.25126185458866,2017-05-12,6
68859,62,37.95843653086196,2017-05-12,6
68859,63,37.87609443923482,2017-05-12,6
68859,64,32.384948436339165,2017-05-12,6
68859,65,33.22640213537305,2017-05-12,6
68859,66,31.57766332944415,2017-05-12,6
68859,67,15.695494859925377,2017-05-12,6
68859,68,0.20771026611328125,2017-05-12,6
68859,69,37.38836279505443,2017-05-12,6
68859,70,42.26464649095241,2017-05-12,6
68859,71,18.8177637150012,2017-05-12,6
68859,72,37.1169234072908,2017-05-12,6
68859,73,38.98543933495148,2017-05-12,6
68859,74,38.05051933314799,2017-05-12,6
68859,75,36.04316401161546,2017-05-12,6
68859,76,21.73175871406623,2017-05-12,6
68859,77,45.48543933495148,2017-05-12,6
68859,78,35.87242174583931,2017-05-12,6
68859,79,40.11133540548121,2017-05-12,6
68859,80,40.0,2017-05-12,6
