segment_id,frame,speed,date,DayInWeek
68859,20,22.96457248028174,2017-03-23,5
68859,21,33.1354416015625,2017-03-23,5
68859,22,35.2319358784421,2017-03-23,5
68859,23,43.98217649520505,2017-03-23,5
68859,24,40.999755875711,2017-03-23,5
68859,25,49.96241461002106,2017-03-23,5
68859,26,37.03643947726014,2017-03-23,5
68859,27,32.52893726697803,2017-03-23,5
68859,28,34.73441996143045,2017-03-23,5
68859,29,41.36744235963946,2017-03-23,5
68859,30,37.77255535634332,2017-03-23,5
68859,31,49.49452636411402,2017-03-23,5
68859,32,35.06955331778352,2017-03-23,5
68859,33,31.199882761620067,2017-03-23,5
68859,34,28.353877632976037,2017-03-23,5
68859,35,35.05419028062668,2017-03-23,5
68859,36,32.14426889896808,2017-03-23,5
68859,37,32.72169400353531,2017-03-23,5
68859,38,40.370195325018344,2017-03-23,5
68859,39,41.19678356486288,2017-03-23,5
68859,40,37.09874536866683,2017-03-23,5
68859,41,38.26341561344297,2017-03-23,5
68859,42,42.21312638339793,2017-03-23,5
68859,43,30.2785937963968,2017-03-23,5
68859,44,34.97397712180426,2017-03-23,5
68859,45,37.5,2017-03-23,5
68859,46,44.73873848851991,2017-03-23,5
68859,47,37.65012697476031,2017-03-23,5
68859,48,34.76988476517998,2017-03-23,5
68859,49,37.60895279479756,2017-03-23,5
68859,50,35.02810860761521,2017-03-23,5
68859,51,37.26675414448368,2017-03-23,5
68859,52,30.758137152110162,2017-03-23,5
68859,53,48.041747081177306,2017-03-23,5
68859,54,39.09365841123741,2017-03-23,5
68859,55,39.896287001471975,2017-03-23,5
68859,56,36.1883122438413,2017-03-23,5
68859,57,40.982,2017-03-23,5
68859,58,31.88158744332648,2017-03-23,5
68859,59,33.62402931143839,2017-03-23,5
68859,60,41.19343208826345,2017-03-23,5
68859,61,43.238210350830954,2017-03-23,5
68859,62,40.61593555555467,2017-03-23,5
68859,63,46.95899257311399,2017-03-23,5
68859,64,38.70098510184066,2017-03-23,5
68859,65,40.977786608380086,2017-03-23,5
68859,66,40.74900491640586,2017-03-23,5
68859,67,26.255571830526193,2017-03-23,5
68859,68,39.909141851802346,2017-03-23,5
68859,69,35.837158538284754,2017-03-23,5
68859,70,42.84,2017-03-23,5
68859,71,47.46254183851846,2017-03-23,5
68859,72,35.71761371909433,2017-03-23,5
68859,73,42.50559567074756,2017-03-23,5
68859,74,31.02839701465284,2017-03-23,5
68859,75,42.163822090240835,2017-03-23,5
68859,76,34.93606358507948,2017-03-23,5
68859,77,37.41025400715036,2017-03-23,5
68859,78,40.10070537366732,2017-03-23,5
68859,79,33.053709625060755,2017-03-23,5
68859,80,35.117410511147455,2017-03-23,5
