segment_id,frame,speed,date,DayInWeek
68859,20,39.57136226311971,2017-02-26,1
68859,21,30.376248598585004,2017-02-26,1
68859,22,32.14328409966687,2017-02-26,1
68859,23,31.150023698288415,2017-02-26,1
68859,24,30.990021020376528,2017-02-26,1
68859,25,43.62105133116732,2017-02-26,1
68859,26,26.357385388219157,2017-02-26,1
68859,27,38.664340755126915,2017-02-26,1
68859,28,42.37854378584966,2017-02-26,1
68859,29,48.385802537239314,2017-02-26,1
68859,30,29.311683992739386,2017-02-26,1
68859,31,44.035867863777455,2017-02-26,1
68859,32,40.1146632775656,2017-02-26,1
68859,33,39.94558767264432,2017-02-26,1
68859,34,35.42108869119719,2017-02-26,1
68859,35,43.405040805421315,2017-02-26,1
68859,36,51.86514834100681,2017-02-26,1
68859,37,38.71276209529444,2017-02-26,1
68859,38,39.20777562710617,2017-02-26,1
68859,39,41.26999550475156,2017-02-26,1
68859,40,38.433703163321624,2017-02-26,1
68859,41,36.94938148491815,2017-02-26,1
68859,42,39.57083011185436,2017-02-26,1
68859,43,35.59493967221792,2017-02-26,1
68859,44,33.27455368461921,2017-02-26,1
68859,45,42.11576256500301,2017-02-26,1
68859,46,30.109580569680165,2017-02-26,1
68859,47,35.25453654048841,2017-02-26,1
68859,48,42.59047442237807,2017-02-26,1
68859,49,42.18135202766371,2017-02-26,1
68859,50,42.99916975441242,2017-02-26,1
68859,51,32.344967438116484,2017-02-26,1
68859,52,38.946518992869976,2017-02-26,1
68859,53,38.43635417559999,2017-02-26,1
68859,54,45.061338189298155,2017-02-26,1
68859,55,37.82378393592052,2017-02-26,1
68859,56,50.97995074954204,2017-02-26,1
68859,57,45.64695482909221,2017-02-26,1
68859,58,41.7421659358926,2017-02-26,1
68859,59,41.37575855657031,2017-02-26,1
68859,60,32.188804278887304,2017-02-26,1
68859,61,34.21402367003677,2017-02-26,1
68859,62,31.36013614867293,2017-02-26,1
68859,63,40.83804926512048,2017-02-26,1
68859,64,44.75463023568684,2017-02-26,1
68859,65,35.83128465214544,2017-02-26,1
68859,66,41.92753643654274,2017-02-26,1
68859,67,36.82985889144497,2017-02-26,1
68859,68,35.63544199476267,2017-02-26,1
68859,69,45.47668412205441,2017-02-26,1
68859,70,54.2475,2017-02-26,1
68859,71,47.44394624031898,2017-02-26,1
68859,72,40.974676316106766,2017-02-26,1
68859,73,41.61130264653069,2017-02-26,1
68859,74,36.49474256302022,2017-02-26,1
68859,75,38.67094096505073,2017-02-26,1
68859,76,27.85620620424463,2017-02-26,1
68859,77,40.938971493591914,2017-02-26,1
68859,78,36.69471079586816,2017-02-26,1
68859,79,20.47964712111871,2017-02-26,1
68859,80,27.982431457423544,2017-02-26,1
