segment_id,frame,speed,date,DayInWeek
68859,20,42.857239556719534,2017-02-21,3
68859,21,39.6125,2017-02-21,3
68859,22,30.756565601071408,2017-02-21,3
68859,23,36.58008793661945,2017-02-21,3
68859,24,32.60835264621514,2017-02-21,3
68859,25,39.80211777891081,2017-02-21,3
68859,26,37.14998248680814,2017-02-21,3
68859,27,37.05494378526146,2017-02-21,3
68859,28,33.76349604483384,2017-02-21,3
68859,29,37.949301226309146,2017-02-21,3
68859,30,16.709121286478727,2017-02-21,3
68859,31,38.366998699174864,2017-02-21,3
68859,32,38.07693065975922,2017-02-21,3
68859,33,41.67327080211284,2017-02-21,3
68859,34,37.3732500553305,2017-02-21,3
68859,35,37.53657888567875,2017-02-21,3
68859,36,40.246030489629334,2017-02-21,3
68859,37,30.28944493782303,2017-02-21,3
68859,38,40.8294378355407,2017-02-21,3
68859,39,38.545936652771225,2017-02-21,3
68859,40,37.46742210794113,2017-02-21,3
68859,41,30.76321640019936,2017-02-21,3
68859,42,36.744202506134506,2017-02-21,3
68859,43,39.300393245027934,2017-02-21,3
68859,44,38.184294909192566,2017-02-21,3
68859,45,37.567931179613936,2017-02-21,3
68859,46,40.32354739056315,2017-02-21,3
68859,47,47.780223261956436,2017-02-21,3
68859,48,41.817149146765146,2017-02-21,3
68859,49,28.975836627441122,2017-02-21,3
68859,50,42.33694025689193,2017-02-21,3
68859,51,47.28855928963034,2017-02-21,3
68859,52,37.67329411856238,2017-02-21,3
68859,53,36.92118991441869,2017-02-21,3
68859,54,34.89409852515895,2017-02-21,3
68859,55,43.55272047557632,2017-02-21,3
68859,56,48.042254639416754,2017-02-21,3
68859,57,20.08379183581432,2017-02-21,3
68859,58,38.01770799864563,2017-02-21,3
68859,59,38.90393983588315,2017-02-21,3
68859,60,42.21093305155467,2017-02-21,3
68859,61,45.65470537366731,2017-02-21,3
68859,62,41.043278974071086,2017-02-21,3
68859,63,40.07941230817413,2017-02-21,3
68859,64,39.09293990295481,2017-02-21,3
68859,65,43.274894349199215,2017-02-21,3
68859,66,42.657475694972206,2017-02-21,3
68859,67,40.4697319045104,2017-02-21,3
68859,68,43.25,2017-02-21,3
68859,69,44.17448143104539,2017-02-21,3
68859,70,37.26637511169728,2017-02-21,3
68859,71,30.172328548975052,2017-02-21,3
68859,72,39.90753546453645,2017-02-21,3
68859,73,33.4411961190139,2017-02-21,3
68859,74,36.745715577784125,2017-02-21,3
68859,75,50.81200903404488,2017-02-21,3
68859,76,7.662462819482851,2017-02-21,3
68859,77,11.268674475599235,2017-02-21,3
68859,78,43.71889329516294,2017-02-21,3
68859,79,42.79094263638749,2017-02-21,3
68859,80,30.140121061629664,2017-02-21,3
