segment_id,frame,speed,date,DayInWeek
68859,20,36.5332565897355,2017-04-17,2
68859,21,39.589327492653595,2017-04-17,2
68859,22,45.32838169880817,2017-04-17,2
68859,23,20.721444161999212,2017-04-17,2
68859,24,37.87718310312704,2017-04-17,2
68859,25,36.39081964417511,2017-04-17,2
68859,26,44.87447560560365,2017-04-17,2
68859,27,39.35835976163264,2017-04-17,2
68859,28,31.671018053638036,2017-04-17,2
68859,29,44.90031771102424,2017-04-17,2
68859,30,39.136646766295364,2017-04-17,2
68859,31,36.436375,2017-04-17,2
68859,32,29.71920446150549,2017-04-17,2
68859,33,36.64352122780903,2017-04-17,2
68859,34,32.94843100219945,2017-04-17,2
68859,35,28.545783594928118,2017-04-17,2
68859,36,39.09982159076735,2017-04-17,2
68859,37,35.81233128602076,2017-04-17,2
68859,38,39.86853177453,2017-04-17,2
68859,39,37.29781311932547,2017-04-17,2
68859,40,39.11834633206946,2017-04-17,2
68859,41,29.898194549800728,2017-04-17,2
68859,42,37.50991329369917,2017-04-17,2
68859,43,50.908807369225514,2017-04-17,2
68859,44,39.582267558320055,2017-04-17,2
68859,45,39.47692079657067,2017-04-17,2
68859,46,43.664744249692575,2017-04-17,2
68859,47,40.83497966318158,2017-04-17,2
68859,48,44.416327278485625,2017-04-17,2
68859,49,37.851939903978476,2017-04-17,2
68859,50,33.321013547677545,2017-04-17,2
68859,51,43.4947403026282,2017-04-17,2
68859,52,39.70134746049203,2017-04-17,2
68859,53,43.38295751157027,2017-04-17,2
68859,54,41.87013290979186,2017-04-17,2
68859,55,36.455056733092476,2017-04-17,2
68859,56,29.482664066910388,2017-04-17,2
68859,57,34.542974007621076,2017-04-17,2
68859,58,35.04250883404566,2017-04-17,2
68859,59,44.541213206718204,2017-04-17,2
68859,60,29.734163367180507,2017-04-17,2
68859,61,36.477926927024,2017-04-17,2
68859,62,31.451965964578182,2017-04-17,2
68859,63,41.73651391404352,2017-04-17,2
68859,64,40.93475,2017-04-17,2
68859,65,39.549715388355494,2017-04-17,2
68859,66,32.872640488966866,2017-04-17,2
68859,67,32.798617854398344,2017-04-17,2
68859,68,45.849431455060895,2017-04-17,2
68859,69,31.04642492136577,2017-04-17,2
68859,70,40.36937483082643,2017-04-17,2
68859,71,41.32675094841806,2017-04-17,2
68859,72,40.2798368677356,2017-04-17,2
68859,73,42.22269304598241,2017-04-17,2
68859,74,21.82739971253364,2017-04-17,2
68859,75,19.619454260676996,2017-04-17,2
68859,76,18.966075408166365,2017-04-17,2
68859,77,28.695445867107182,2017-04-17,2
68859,78,37.163842805934465,2017-04-17,2
68859,79,0.6132965087890625,2017-04-17,2
68859,80,20.17624880316974,2017-04-17,2
