segment_id,frame,speed,date,DayInWeek
68859,20,16.60491163774893,2017-01-20,6
68859,21,35.63314218918586,2017-01-20,6
68859,22,29.276911395721985,2017-01-20,6
68859,23,31.893597352184393,2017-01-20,6
68859,24,36.82940088950324,2017-01-20,6
68859,25,33.56138860360729,2017-01-20,6
68859,26,34.83798216427361,2017-01-20,6
68859,27,38.23842578294337,2017-01-20,6
68859,28,43.36067754961772,2017-01-20,6
68859,29,35.12382701041889,2017-01-20,6
68859,30,46.561499999999995,2017-01-20,6
68859,31,35.633216650478666,2017-01-20,6
68859,32,31.82433447966426,2017-01-20,6
68859,33,31.446196864626152,2017-01-20,6
68859,34,40.03138896985193,2017-01-20,6
68859,35,34.102929744037574,2017-01-20,6
68859,36,35.960597533538426,2017-01-20,6
68859,37,33.93167543339791,2017-01-20,6
68859,38,38.88727920002012,2017-01-20,6
68859,39,23.80547777367791,2017-01-20,6
68859,40,36.79027440355124,2017-01-20,6
68859,41,37.158808581608966,2017-01-20,6
68859,42,31.125,2017-01-20,6
68859,43,30.732021516363467,2017-01-20,6
68859,44,36.89937851308823,2017-01-20,6
68859,45,41.56781667446624,2017-01-20,6
68859,46,31.988862999128067,2017-01-20,6
68859,47,35.89117518216055,2017-01-20,6
68859,48,40.68400067768965,2017-01-20,6
68859,49,38.77254629048349,2017-01-20,6
68859,50,38.846059078545906,2017-01-20,6
68859,51,38.33524968688703,2017-01-20,6
68859,52,44.2907256338146,2017-01-20,6
68859,53,39.84135312875803,2017-01-20,6
68859,54,32.52948067064779,2017-01-20,6
68859,55,33.84708333333333,2017-01-20,6
68859,56,33.76608364124101,2017-01-20,6
68859,57,37.503489380123185,2017-01-20,6
68859,58,33.10750681271782,2017-01-20,6
68859,59,34.06628566269785,2017-01-20,6
68859,60,36.491526006689675,2017-01-20,6
68859,61,40.006456208241005,2017-01-20,6
68859,62,37.327058595006804,2017-01-20,6
68859,63,36.14620709068068,2017-01-20,6
68859,64,40.86829914255456,2017-01-20,6
68859,65,32.81764250661735,2017-01-20,6
68859,66,35.027538470497575,2017-01-20,6
68859,67,40.30343508299761,2017-01-20,6
68859,68,41.50692413584019,2017-01-20,6
68859,69,39.01783699440245,2017-01-20,6
68859,70,35.91552221639884,2017-01-20,6
68859,71,35.16679471446702,2017-01-20,6
68859,72,38.835499999999996,2017-01-20,6
68859,73,29.562131515648456,2017-01-20,6
68859,74,34.60874336008918,2017-01-20,6
68859,75,31.984385789813285,2017-01-20,6
68859,76,27.84375635754659,2017-01-20,6
68859,77,37.14866140991667,2017-01-20,6
68859,78,36.0,2017-01-20,6
68859,79,42.7354381471705,2017-01-20,6
68859,80,40.59034232539081,2017-01-20,6
