segment_id,frame,speed,date,DayInWeek
68859,20,11.675641819415217,2017-03-01,4
68859,21,26.73972108769822,2017-03-01,4
68859,22,9.935392967961027,2017-03-01,4
68859,23,38.52657098958566,2017-03-01,4
68859,24,44.52765748854787,2017-03-01,4
68859,25,29.562684509972414,2017-03-01,4
68859,26,44.81041359676868,2017-03-01,4
68859,27,30.19400012230558,2017-03-01,4
68859,28,15.280713006920815,2017-03-01,4
68859,29,41.762564353476485,2017-03-01,4
68859,30,38.04889176595863,2017-03-01,4
68859,31,37.99158278839416,2017-03-01,4
68859,32,0.41290085906070484,2017-03-01,4
68859,33,20.503629064399952,2017-03-01,4
68859,34,32.74172304791374,2017-03-01,4
68859,35,43.842059160138085,2017-03-01,4
68859,36,33.411742645663224,2017-03-01,4
68859,37,37.582269052436686,2017-03-01,4
68859,38,34.335748874305395,2017-03-01,4
68859,39,32.711375,2017-03-01,4
68859,40,37.29205790242706,2017-03-01,4
68859,41,47.05120703075535,2017-03-01,4
68859,42,36.64892797016288,2017-03-01,4
68859,43,40.97737372911465,2017-03-01,4
68859,44,37.635429410419206,2017-03-01,4
68859,45,26.126,2017-03-01,4
68859,46,40.62492579458221,2017-03-01,4
68859,47,39.99366877793253,2017-03-01,4
68859,48,32.00122887453635,2017-03-01,4
68859,49,38.09463136888316,2017-03-01,4
68859,50,35.769756876750535,2017-03-01,4
68859,51,43.501587959100206,2017-03-01,4
68859,52,39.385409313544486,2017-03-01,4
68859,53,38.94056424788481,2017-03-01,4
68859,54,32.67177533359129,2017-03-01,4
68859,55,41.393071499112146,2017-03-01,4
68859,56,43.56789148757597,2017-03-01,4
68859,57,39.856671042875234,2017-03-01,4
68859,58,47.69928881592521,2017-03-01,4
68859,59,35.317256713756194,2017-03-01,4
68859,60,39.49589182419097,2017-03-01,4
68859,61,32.8798425772881,2017-03-01,4
68859,62,45.79975,2017-03-01,4
68859,63,38.69825141473194,2017-03-01,4
68859,64,21.303190510467843,2017-03-01,4
68859,65,39.24615162078419,2017-03-01,4
68859,66,42.469636226042965,2017-03-01,4
68859,67,40.815360057374164,2017-03-01,4
68859,68,28.79992845483908,2017-03-01,4
68859,69,41.317115727322246,2017-03-01,4
68859,70,39.00823559750941,2017-03-01,4
68859,71,21.48091410227802,2017-03-01,4
68859,72,15.37777884694544,2017-03-01,4
68859,73,37.70958180672501,2017-03-01,4
68859,74,33.75118866609929,2017-03-01,4
68859,75,37.16961817298255,2017-03-01,4
68859,76,36.57276061728767,2017-03-01,4
68859,77,30.44447745269077,2017-03-01,4
68859,78,27.018169101719835,2017-03-01,4
68859,79,44.512967933887325,2017-03-01,4
68859,80,23.729485530905052,2017-03-01,4
