segment_id,frame,speed,date,DayInWeek
68859,20,32.70339082983625,2017-04-13,5
68859,21,33.33095163036102,2017-04-13,5
68859,22,36.8615748898198,2017-04-13,5
68859,23,30.024854827731602,2017-04-13,5
68859,24,29.716167480884216,2017-04-13,5
68859,25,40.52856435347648,2017-04-13,5
68859,26,33.90373427580521,2017-04-13,5
68859,27,32.873426271391324,2017-04-13,5
68859,28,39.815260710510344,2017-04-13,5
68859,29,30.959580820869455,2017-04-13,5
68859,30,38.605466048373984,2017-04-13,5
68859,31,30.94349245259988,2017-04-13,5
68859,32,42.763189963427635,2017-04-13,5
68859,33,31.631659994539604,2017-04-13,5
68859,34,40.575668239679615,2017-04-13,5
68859,35,45.27361376862547,2017-04-13,5
68859,36,33.630498378865425,2017-04-13,5
68859,37,36.894527358777,2017-04-13,5
68859,38,41.146989542340805,2017-04-13,5
68859,39,40.992999999999995,2017-04-13,5
68859,40,19.999352729649896,2017-04-13,5
68859,41,40.39822885117635,2017-04-13,5
68859,42,34.37616411449282,2017-04-13,5
68859,43,36.53112311341859,2017-04-13,5
68859,44,32.2260171645863,2017-04-13,5
68859,45,39.913931084710285,2017-04-13,5
68859,46,43.353009015870725,2017-04-13,5
68859,47,34.996317532338715,2017-04-13,5
68859,48,40.38455832466393,2017-04-13,5
68859,49,23.15805365668873,2017-04-13,5
68859,50,40.43940862398556,2017-04-13,5
68859,51,38.74856535296864,2017-04-13,5
68859,52,32.30879027712527,2017-04-13,5
68859,53,42.80490872414505,2017-04-13,5
68859,54,40.98844043757476,2017-04-13,5
68859,55,34.97925432206397,2017-04-13,5
68859,56,54.086999999999996,2017-04-13,5
68859,57,43.265156034930044,2017-04-13,5
68859,58,40.270314149464454,2017-04-13,5
68859,59,47.53727787749089,2017-04-13,5
68859,60,26.47702091236855,2017-04-13,5
68859,61,44.549438520568884,2017-04-13,5
68859,62,36.117160903841665,2017-04-13,5
68859,63,31.36749626376656,2017-04-13,5
68859,64,38.47154384464908,2017-04-13,5
68859,65,40.2871747403957,2017-04-13,5
68859,66,42.70099213835856,2017-04-13,5
68859,67,38.424745603456266,2017-04-13,5
68859,68,36.294978733752956,2017-04-13,5
68859,69,38.75447069651493,2017-04-13,5
68859,70,40.929510603703704,2017-04-13,5
68859,71,38.44413225548885,2017-04-13,5
68859,72,34.46820102760638,2017-04-13,5
68859,73,36.99385600833938,2017-04-13,5
68859,74,38.94946219659131,2017-04-13,5
68859,75,28.05133300158519,2017-04-13,5
68859,76,18.68630602104568,2017-04-13,5
68859,77,0.22029876708984375,2017-04-13,5
68859,78,28.66039372783571,2017-04-13,5
68859,79,32.55515717289826,2017-04-13,5
68859,80,28.350154437617753,2017-04-13,5
