segment_id,frame,speed,date,DayInWeek
68859,20,29.84840437785347,2017-03-09,5
68859,21,34.06305402381609,2017-03-09,5
68859,22,28.0418809217785,2017-03-09,5
68859,23,21.38527367826289,2017-03-09,5
68859,24,7.9452392578125,2017-03-09,5
68859,25,23.033304023919403,2017-03-09,5
68859,26,34.59665265124109,2017-03-09,5
68859,27,37.81244244856907,2017-03-09,5
68859,28,43.938364278879845,2017-03-09,5
68859,29,37.856609985138505,2017-03-09,5
68859,30,38.78073576421515,2017-03-09,5
68859,31,48.556101503172414,2017-03-09,5
68859,32,37.28114231097966,2017-03-09,5
68859,33,34.49579519470621,2017-03-09,5
68859,34,44.11252205531811,2017-03-09,5
68859,35,34.42280868873338,2017-03-09,5
68859,36,41.517675083146614,2017-03-09,5
68859,37,35.67954204150793,2017-03-09,5
68859,38,36.72050421479295,2017-03-09,5
68859,39,39.95729632166497,2017-03-09,5
68859,40,43.401223907718304,2017-03-09,5
68859,41,38.34176009245216,2017-03-09,5
68859,42,43.29636047350413,2017-03-09,5
68859,43,39.861906119400075,2017-03-09,5
68859,44,37.04198354472872,2017-03-09,5
68859,45,48.0,2017-03-09,5
68859,46,38.11238769704803,2017-03-09,5
68859,47,39.04516639760149,2017-03-09,5
68859,48,33.436717396950584,2017-03-09,5
68859,49,38.98714851687392,2017-03-09,5
68859,50,33.27176846772983,2017-03-09,5
68859,51,32.06531550387136,2017-03-09,5
68859,52,28.185539493018382,2017-03-09,5
68859,53,43.03481156011898,2017-03-09,5
68859,54,40.10941108816235,2017-03-09,5
68859,55,38.064371183278794,2017-03-09,5
68859,56,41.6210706265055,2017-03-09,5
68859,57,44.081,2017-03-09,5
68859,58,43.64073656442978,2017-03-09,5
68859,59,34.2847666044767,2017-03-09,5
68859,60,35.90761260808604,2017-03-09,5
68859,61,38.41709867738088,2017-03-09,5
68859,62,38.86748047592306,2017-03-09,5
68859,63,32.98040203387871,2017-03-09,5
68859,64,40.84766094048388,2017-03-09,5
68859,65,42.02410849871927,2017-03-09,5
68859,66,27.585594237363328,2017-03-09,5
68859,67,31.877176815500363,2017-03-09,5
68859,68,36.5011750585452,2017-03-09,5
68859,69,32.25586388068237,2017-03-09,5
68859,70,36.30501589257339,2017-03-09,5
68859,71,40.45091334039418,2017-03-09,5
68859,72,38.77664171318842,2017-03-09,5
68859,73,36.75040651198603,2017-03-09,5
68859,74,35.38718412703544,2017-03-09,5
68859,75,46.56214181135921,2017-03-09,5
68859,76,31.48625290771122,2017-03-09,5
68859,77,43.06652269485949,2017-03-09,5
68859,78,34.61170309773861,2017-03-09,5
68859,79,30.68450508527072,2017-03-09,5
68859,80,30.11578103673348,2017-03-09,5
