segment_id,frame,speed,date,DayInWeek
68859,20,27.69820463737851,2017-05-01,2
68859,21,28.69502222139314,2017-05-01,2
68859,22,13.522234214872284,2017-05-01,2
68859,23,31.65399645411295,2017-05-01,2
68859,24,29.7232652852209,2017-05-01,2
68859,25,27.055536293268897,2017-05-01,2
68859,26,33.92223880390534,2017-05-01,2
68859,27,44.86624794468061,2017-05-01,2
68859,28,43.25655850787952,2017-05-01,2
68859,29,43.675619522017044,2017-05-01,2
68859,30,38.35043869493602,2017-05-01,2
68859,31,48.95212602818064,2017-05-01,2
68859,32,39.33684281774994,2017-05-01,2
68859,33,46.22680235752375,2017-05-01,2
68859,34,37.98031537174526,2017-05-01,2
68859,35,48.32370316078649,2017-05-01,2
68859,36,41.563693799565385,2017-05-01,2
68859,37,35.853341479413686,2017-05-01,2
68859,38,38.28792803809185,2017-05-01,2
68859,39,43.05344560158066,2017-05-01,2
68859,40,49.36557957074146,2017-05-01,2
68859,41,38.71961103339504,2017-05-01,2
68859,42,39.040970825651414,2017-05-01,2
68859,43,35.88657779810818,2017-05-01,2
68859,44,45.86332385192838,2017-05-01,2
68859,45,42.02497596636667,2017-05-01,2
68859,46,42.951952082490855,2017-05-01,2
68859,47,46.39360218028838,2017-05-01,2
68859,48,44.18801734792592,2017-05-01,2
68859,49,31.132341793587955,2017-05-01,2
68859,50,47.0642340942101,2017-05-01,2
68859,51,39.94829700902011,2017-05-01,2
68859,52,37.885766030933446,2017-05-01,2
68859,53,43.85690203379457,2017-05-01,2
68859,54,43.52744236484888,2017-05-01,2
68859,55,34.813358907014475,2017-05-01,2
68859,56,42.50823780202128,2017-05-01,2
68859,57,42.62074631146477,2017-05-01,2
68859,58,39.43515131822504,2017-05-01,2
68859,59,41.74596530170465,2017-05-01,2
68859,60,39.70930671729265,2017-05-01,2
68859,61,35.18231158953485,2017-05-01,2
68859,62,43.561225443049636,2017-05-01,2
68859,63,40.14431267515442,2017-05-01,2
68859,64,44.87110945387647,2017-05-01,2
68859,65,40.79477892317274,2017-05-01,2
68859,66,37.63912042157365,2017-05-01,2
68859,67,37.70658017487794,2017-05-01,2
68859,68,35.040947408571775,2017-05-01,2
68859,69,36.941035454649565,2017-05-01,2
68859,70,44.188254494771144,2017-05-01,2
68859,71,39.140787513216324,2017-05-01,2
68859,72,35.071030805436806,2017-05-01,2
68859,73,37.00203486124864,2017-05-01,2
68859,74,35.27763900796409,2017-05-01,2
68859,75,33.99237960948969,2017-05-01,2
68859,76,38.22608152658493,2017-05-01,2
68859,77,51.6605003834112,2017-05-01,2
68859,78,32.66462206476032,2017-05-01,2
68859,79,34.7866230089658,2017-05-01,2
68859,80,28.722395856748133,2017-05-01,2
