segment_id,frame,speed,date,DayInWeek
68859,20,37.615806649716276,2017-03-24,6
68859,21,46.00906762592505,2017-03-24,6
68859,22,40.81951973276648,2017-03-24,6
68859,23,21.659098647918185,2017-03-24,6
68859,24,32.438351031141295,2017-03-24,6
68859,25,40.15835524252398,2017-03-24,6
68859,26,36.34399206331874,2017-03-24,6
68859,27,42.759430060723034,2017-03-24,6
68859,28,34.130761397647916,2017-03-24,6
68859,29,32.76499754555053,2017-03-24,6
68859,30,46.723321321565834,2017-03-24,6
68859,31,48.26725044895022,2017-03-24,6
68859,32,31.59469122709354,2017-03-24,6
68859,33,36.92540986482072,2017-03-24,6
68859,34,39.67915259065479,2017-03-24,6
68859,35,44.92366480928803,2017-03-24,6
68859,36,23.35804512748178,2017-03-24,6
68859,37,37.37370341007052,2017-03-24,6
68859,38,35.854568836203406,2017-03-24,6
68859,39,34.14034881305061,2017-03-24,6
68859,40,41.93539670069089,2017-03-24,6
68859,41,37.35941120457646,2017-03-24,6
68859,42,46.20701496907784,2017-03-24,6
68859,43,40.18281758085661,2017-03-24,6
68859,44,34.41410090359187,2017-03-24,6
68859,45,37.86162409897583,2017-03-24,6
68859,46,39.36306575209621,2017-03-24,6
68859,47,31.790126118348603,2017-03-24,6
68859,48,36.28239273489077,2017-03-24,6
68859,49,28.51057298541876,2017-03-24,6
68859,50,40.26498613189429,2017-03-24,6
68859,51,30.59790941894736,2017-03-24,6
68859,52,30.008156948823807,2017-03-24,6
68859,53,39.97151892835642,2017-03-24,6
68859,54,36.753352498638804,2017-03-24,6
68859,55,42.431303769134466,2017-03-24,6
68859,56,41.8288284702429,2017-03-24,6
68859,57,44.0,2017-03-24,6
68859,58,38.69084478112629,2017-03-24,6
68859,59,31.690584160738958,2017-03-24,6
68859,60,24.922404713070208,2017-03-24,6
68859,61,41.793659097671714,2017-03-24,6
68859,62,37.3162266203135,2017-03-24,6
68859,63,38.79428820092791,2017-03-24,6
68859,64,31.504590425231005,2017-03-24,6
68859,65,39.90943500681128,2017-03-24,6
68859,66,34.683870299345465,2017-03-24,6
68859,67,39.92538217186482,2017-03-24,6
68859,68,38.0,2017-03-24,6
68859,69,37.30317262848299,2017-03-24,6
68859,70,31.83240356069304,2017-03-24,6
68859,71,30.86853470393809,2017-03-24,6
68859,72,36.6813654938819,2017-03-24,6
68859,73,44.30178639334228,2017-03-24,6
68859,74,32.73935495662141,2017-03-24,6
68859,75,38.50340440484945,2017-03-24,6
68859,76,31.800923198498708,2017-03-24,6
68859,77,38.80617396956082,2017-03-24,6
68859,78,40.60132513589099,2017-03-24,6
68859,79,41.38806228581186,2017-03-24,6
68859,80,32.35879361695001,2017-03-24,6
