segment_id,frame,speed,date,DayInWeek
68859,20,31.21042739429874,2017-05-19,6
68859,21,32.52003184830441,2017-05-19,6
68859,22,38.44035667850718,2017-05-19,6
68859,23,29.236864052041142,2017-05-19,6
68859,24,43.14163911318756,2017-05-19,6
68859,25,33.93276223487277,2017-05-19,6
68859,26,37.5047805790486,2017-05-19,6
68859,27,38.18193017362174,2017-05-19,6
68859,28,44.89415834297246,2017-05-19,6
68859,29,37.021648832413135,2017-05-19,6
68859,30,45.635746858243245,2017-05-19,6
68859,31,33.27748449099201,2017-05-19,6
68859,32,35.46895415138874,2017-05-19,6
68859,33,39.42812616707019,2017-05-19,6
68859,34,40.494749999999996,2017-05-19,6
68859,35,34.76140417429172,2017-05-19,6
68859,36,32.084371746935346,2017-05-19,6
68859,37,26.63498697266767,2017-05-19,6
68859,38,37.45262619505375,2017-05-19,6
68859,39,43.74638098725899,2017-05-19,6
68859,40,35.88213367763608,2017-05-19,6
68859,41,36.34313081392147,2017-05-19,6
68859,42,41.33073553977003,2017-05-19,6
68859,43,32.335,2017-05-19,6
68859,44,41.486999999999995,2017-05-19,6
68859,45,37.67021827885531,2017-05-19,6
68859,46,35.874154797462744,2017-05-19,6
68859,47,36.72115840991,2017-05-19,6
68859,48,45.759715849760205,2017-05-19,6
68859,49,40.30745689458387,2017-05-19,6
68859,50,41.921920070231025,2017-05-19,6
68859,51,36.23139842422454,2017-05-19,6
68859,52,33.08426156332993,2017-05-19,6
68859,53,36.8592366863531,2017-05-19,6
68859,54,41.70126747078868,2017-05-19,6
68859,55,36.034213828261706,2017-05-19,6
68859,56,44.284617232675764,2017-05-19,6
68859,57,36.35468583989497,2017-05-19,6
68859,58,42.620808635012,2017-05-19,6
68859,59,38.390669950760746,2017-05-19,6
68859,60,35.35733333333334,2017-05-19,6
68859,61,38.92460035216803,2017-05-19,6
68859,62,43.26582723717324,2017-05-19,6
68859,63,38.745386878576284,2017-05-19,6
68859,64,33.20306374565956,2017-05-19,6
68859,65,31.76697837068358,2017-05-19,6
68859,66,34.055693458506596,2017-05-19,6
68859,67,40.86023909263923,2017-05-19,6
68859,68,37.5258352902481,2017-05-19,6
68859,69,37.20636073764592,2017-05-19,6
68859,70,34.33083327036444,2017-05-19,6
68859,71,32.42760743646172,2017-05-19,6
68859,72,35.79895011151817,2017-05-19,6
68859,73,33.81690059650426,2017-05-19,6
68859,74,32.020743812039086,2017-05-19,6
68859,75,32.30957262584264,2017-05-19,6
68859,76,38.09827487169825,2017-05-19,6
68859,77,33.469286602117684,2017-05-19,6
68859,78,38.47978966663053,2017-05-19,6
68859,79,44.2412539325347,2017-05-19,6
68859,80,46.742675776361466,2017-05-19,6
