segment_id,frame,speed,date,DayInWeek
68859,20,19.684696197509766,2017-03-04,7
68859,21,36.555100942982676,2017-03-04,7
68859,22,30.810277402253256,2017-03-04,7
68859,23,37.29735456938967,2017-03-04,7
68859,24,42.760758761943094,2017-03-04,7
68859,25,27.41185733592689,2017-03-04,7
68859,26,42.62345608556906,2017-03-04,7
68859,27,31.50374461817532,2017-03-04,7
68859,28,32.65126643473101,2017-03-04,7
68859,29,27.798102256014452,2017-03-04,7
68859,30,30.643459668624153,2017-03-04,7
68859,31,43.33428105273001,2017-03-04,7
68859,32,36.01438117661894,2017-03-04,7
68859,33,39.1847646641302,2017-03-04,7
68859,34,37.69681994783353,2017-03-04,7
68859,35,35.89147997246101,2017-03-04,7
68859,36,37.11371750122998,2017-03-04,7
68859,37,37.416023151167195,2017-03-04,7
68859,38,37.10536678379906,2017-03-04,7
68859,39,42.9835,2017-03-04,7
68859,40,43.235673813911944,2017-03-04,7
68859,41,41.14757172628619,2017-03-04,7
68859,42,41.43667635729074,2017-03-04,7
68859,43,36.621175731548576,2017-03-04,7
68859,44,37.168234797773806,2017-03-04,7
68859,45,43.1205,2017-03-04,7
68859,46,44.964914017656604,2017-03-04,7
68859,47,43.399295614110926,2017-03-04,7
68859,48,44.16974294272677,2017-03-04,7
68859,49,34.26218705630339,2017-03-04,7
68859,50,36.83031759117203,2017-03-04,7
68859,51,41.32394922811036,2017-03-04,7
68859,52,29.84999006347244,2017-03-04,7
68859,53,35.156941757661585,2017-03-04,7
68859,54,40.22424023649342,2017-03-04,7
68859,55,34.81798963355746,2017-03-04,7
68859,56,41.768067700551875,2017-03-04,7
68859,57,40.552290169730384,2017-03-04,7
68859,58,38.658956285654625,2017-03-04,7
68859,59,45.09498027532872,2017-03-04,7
68859,60,36.93067267601178,2017-03-04,7
68859,61,30.16549780758649,2017-03-04,7
68859,62,36.748574923875395,2017-03-04,7
68859,63,49.0,2017-03-04,7
68859,64,39.3536457289757,2017-03-04,7
68859,65,44.918136063691534,2017-03-04,7
68859,66,35.005992836203376,2017-03-04,7
68859,67,29.01153137596415,2017-03-04,7
68859,68,40.14220592756939,2017-03-04,7
68859,69,44.431272135404285,2017-03-04,7
68859,70,37.50856441667372,2017-03-04,7
68859,71,36.43117769140126,2017-03-04,7
68859,72,31.902749921783123,2017-03-04,7
68859,73,37.84865235029348,2017-03-04,7
68859,74,38.96978836310497,2017-03-04,7
68859,75,44.865,2017-03-04,7
68859,76,40.40448060957759,2017-03-04,7
68859,77,38.46337847156661,2017-03-04,7
68859,78,34.29407780617423,2017-03-04,7
68859,79,41.366653524266,2017-03-04,7
68859,80,40.24757563838125,2017-03-04,7
