segment_id,frame,speed,date,DayInWeek
68859,20,41.82745635580214,2017-01-31,3
68859,21,33.67144623050449,2017-01-31,3
68859,22,26.87297381236017,2017-01-31,3
68859,23,31.958830467394602,2017-01-31,3
68859,24,33.45826264765492,2017-01-31,3
68859,25,39.425685066168725,2017-01-31,3
68859,26,18.199114516194662,2017-01-31,3
68859,27,42.844326583175125,2017-01-31,3
68859,28,40.43693936620831,2017-01-31,3
68859,29,36.310872066327335,2017-01-31,3
68859,30,46.814684219393,2017-01-31,3
68859,31,44.95103337670666,2017-01-31,3
68859,32,48.603586299632674,2017-01-31,3
68859,33,42.78217325486598,2017-01-31,3
68859,34,47.11771135327909,2017-01-31,3
68859,35,36.57391518528026,2017-01-31,3
68859,36,43.92564343131992,2017-01-31,3
68859,37,42.40706185552775,2017-01-31,3
68859,38,33.01120345675899,2017-01-31,3
68859,39,41.81869838160862,2017-01-31,3
68859,40,40.261383412129604,2017-01-31,3
68859,41,35.70886108414753,2017-01-31,3
68859,42,39.427692766818566,2017-01-31,3
68859,43,34.3401445500406,2017-01-31,3
68859,44,43.38066666666667,2017-01-31,3
68859,45,38.12099065922382,2017-01-31,3
68859,46,43.61768366871265,2017-01-31,3
68859,47,42.198945487235235,2017-01-31,3
68859,48,37.13421482227686,2017-01-31,3
68859,49,45.711500811336435,2017-01-31,3
68859,50,43.00186721926309,2017-01-31,3
68859,51,39.2024075203003,2017-01-31,3
68859,52,34.18264044361724,2017-01-31,3
68859,53,40.37627793491029,2017-01-31,3
68859,54,40.88485009727099,2017-01-31,3
68859,55,38.53035979036386,2017-01-31,3
68859,56,37.26327060546592,2017-01-31,3
68859,57,38.9114129824522,2017-01-31,3
68859,58,40.75327051381011,2017-01-31,3
68859,59,42.44414790596623,2017-01-31,3
68859,60,41.83280052384068,2017-01-31,3
68859,61,37.83552233482598,2017-01-31,3
68859,62,41.87714630162114,2017-01-31,3
68859,63,40.506734845240864,2017-01-31,3
68859,64,39.3019398318449,2017-01-31,3
68859,65,46.21704970573752,2017-01-31,3
68859,66,34.600643380397344,2017-01-31,3
68859,67,44.055322049577754,2017-01-31,3
68859,68,37.79901550533479,2017-01-31,3
68859,69,41.947229599102975,2017-01-31,3
68859,70,38.37138322933075,2017-01-31,3
68859,71,38.085161711318946,2017-01-31,3
68859,72,28.863000000010956,2017-01-31,3
68859,73,34.15749846680163,2017-01-31,3
68859,74,26.134028975186684,2017-01-31,3
68859,75,33.22354102866796,2017-01-31,3
68859,76,29.890071764403757,2017-01-31,3
68859,77,41.20116756456711,2017-01-31,3
68859,78,50.33113033567723,2017-01-31,3
68859,79,24.87250717241448,2017-01-31,3
68859,80,14.496991329846303,2017-01-31,3
