segment_id,frame,speed,date,DayInWeek
68859,20,34.418375357180324,2017-01-15,1
68859,21,40.527864414415745,2017-01-15,1
68859,22,35.31344271283466,2017-01-15,1
68859,23,37.06470247261819,2017-01-15,1
68859,24,37.708552752120994,2017-01-15,1
68859,25,42.58256632209634,2017-01-15,1
68859,26,45.613356336382225,2017-01-15,1
68859,27,33.49128556421303,2017-01-15,1
68859,28,22.216648235635663,2017-01-15,1
68859,29,30.098981542239287,2017-01-15,1
68859,30,36.45283254627529,2017-01-15,1
68859,31,35.77247253083206,2017-01-15,1
68859,32,38.196160232157794,2017-01-15,1
68859,33,41.4003875093814,2017-01-15,1
68859,34,44.814601582857264,2017-01-15,1
68859,35,45.885511967180406,2017-01-15,1
68859,36,36.86879660133255,2017-01-15,1
68859,37,34.78019432488533,2017-01-15,1
68859,38,35.30183616395268,2017-01-15,1
68859,39,37.68178348255455,2017-01-15,1
68859,40,40.3785757897079,2017-01-15,1
68859,41,36.02388642592543,2017-01-15,1
68859,42,38.567808099388174,2017-01-15,1
68859,43,42.00637117476239,2017-01-15,1
68859,44,37.581625000311654,2017-01-15,1
68859,45,37.74794296479489,2017-01-15,1
68859,46,35.76760537978443,2017-01-15,1
68859,47,38.25013876724759,2017-01-15,1
68859,48,41.52606255603472,2017-01-15,1
68859,49,39.44286560698096,2017-01-15,1
68859,50,36.406500512093174,2017-01-15,1
68859,51,41.42359704800021,2017-01-15,1
68859,52,29.765228106853584,2017-01-15,1
68859,53,37.62225826356597,2017-01-15,1
68859,54,41.74741296934516,2017-01-15,1
68859,55,32.80806426635665,2017-01-15,1
68859,56,34.50315946540999,2017-01-15,1
68859,57,39.456091736153766,2017-01-15,1
68859,58,40.32313334893249,2017-01-15,1
68859,59,34.682978603592325,2017-01-15,1
68859,60,40.33412509928744,2017-01-15,1
68859,61,42.100541844379286,2017-01-15,1
68859,62,44.71143316700397,2017-01-15,1
68859,63,47.073499999999996,2017-01-15,1
68859,64,36.30515755961242,2017-01-15,1
68859,65,38.13383890484336,2017-01-15,1
68859,66,41.72932356145408,2017-01-15,1
68859,67,40.589550423314535,2017-01-15,1
68859,68,34.01121640019936,2017-01-15,1
68859,69,37.96836370502423,2017-01-15,1
68859,70,43.141189160184325,2017-01-15,1
68859,71,37.86655730894305,2017-01-15,1
68859,72,39.521,2017-01-15,1
68859,73,38.838413497651885,2017-01-15,1
68859,74,31.160783401012225,2017-01-15,1
68859,75,35.17119959493413,2017-01-15,1
68859,76,39.27156776788507,2017-01-15,1
68859,77,37.300525209306095,2017-01-15,1
68859,78,39.457676484143974,2017-01-15,1
68859,79,44.0,2017-01-15,1
68859,80,25.46241461002106,2017-01-15,1
