segment_id,frame,speed,date,DayInWeek
68859,20,36.75672220074222,2017-03-02,5
68859,21,18.960707834418855,2017-03-02,5
68859,22,18.400311875147565,2017-03-02,5
68859,23,24.865409792646663,2017-03-02,5
68859,24,33.411785792461345,2017-03-02,5
68859,25,20.850906142194127,2017-03-02,5
68859,26,31.091377738648433,2017-03-02,5
68859,27,42.915842402941735,2017-03-02,5
68859,28,37.38503513843746,2017-03-02,5
68859,29,39.68982433992011,2017-03-02,5
68859,30,36.72362712747794,2017-03-02,5
68859,31,38.85420872737865,2017-03-02,5
68859,32,29.479599984662464,2017-03-02,5
68859,33,38.94650762811672,2017-03-02,5
68859,34,35.632042190197765,2017-03-02,5
68859,35,35.633079542134844,2017-03-02,5
68859,36,41.49859737258844,2017-03-02,5
68859,37,40.3321034323195,2017-03-02,5
68859,38,37.62172307826149,2017-03-02,5
68859,39,39.78493393906827,2017-03-02,5
68859,40,37.5661867788307,2017-03-02,5
68859,41,35.611610065119095,2017-03-02,5
68859,42,41.253045172747974,2017-03-02,5
68859,43,37.731474184976406,2017-03-02,5
68859,44,35.30483590387312,2017-03-02,5
68859,45,41.16792841279842,2017-03-02,5
68859,46,25.045,2017-03-02,5
68859,47,36.81151036206556,2017-03-02,5
68859,48,37.65372846976215,2017-03-02,5
68859,49,44.70814535198171,2017-03-02,5
68859,50,35.12508370039859,2017-03-02,5
68859,51,42.65429806749749,2017-03-02,5
68859,52,39.229654169493706,2017-03-02,5
68859,53,48.57897963495447,2017-03-02,5
68859,54,23.215921720011096,2017-03-02,5
68859,55,31.830715448728988,2017-03-02,5
68859,56,37.75245310050218,2017-03-02,5
68859,57,38.11132163250186,2017-03-02,5
68859,58,33.73779561487625,2017-03-02,5
68859,59,39.284347347713705,2017-03-02,5
68859,60,47.5177368406371,2017-03-02,5
68859,61,34.883520640561436,2017-03-02,5
68859,62,36.780410960207135,2017-03-02,5
68859,63,42.98304694935281,2017-03-02,5
68859,64,40.76801769573718,2017-03-02,5
68859,65,42.168636303939934,2017-03-02,5
68859,66,43.70381342491063,2017-03-02,5
68859,67,38.07382988086414,2017-03-02,5
68859,68,31.562090434153248,2017-03-02,5
68859,69,33.06961164275627,2017-03-02,5
68859,70,31.06848536364547,2017-03-02,5
68859,71,28.436029359854043,2017-03-02,5
68859,72,45.74775054988163,2017-03-02,5
68859,73,46.36598439944281,2017-03-02,5
68859,74,36.240920864661376,2017-03-02,5
68859,75,34.66200478092789,2017-03-02,5
68859,76,36.77238184079251,2017-03-02,5
68859,77,39.4033526986879,2017-03-02,5
68859,78,40.058675524584345,2017-03-02,5
68859,79,11.313052327732377,2017-03-02,5
68859,80,21.371696067997348,2017-03-02,5
