segment_id,frame,speed,date,DayInWeek
68859,20,42.63347173580175,2017-03-07,3
68859,21,15.397301791484118,2017-03-07,3
68859,22,41.86692360923867,2017-03-07,3
68859,23,38.99911787995906,2017-03-07,3
68859,24,35.42459587165777,2017-03-07,3
68859,25,40.02220579838074,2017-03-07,3
68859,26,43.62062813815873,2017-03-07,3
68859,27,33.69767255307027,2017-03-07,3
68859,28,30.74676036730684,2017-03-07,3
68859,29,17.613296508789062,2017-03-07,3
68859,30,38.753257687562055,2017-03-07,3
68859,31,32.34295203114472,2017-03-07,3
68859,32,39.6371922538147,2017-03-07,3
68859,33,45.26787070855277,2017-03-07,3
68859,34,43.74956399899068,2017-03-07,3
68859,35,39.76940486068993,2017-03-07,3
68859,36,35.15689397506645,2017-03-07,3
68859,37,38.96413576951379,2017-03-07,3
68859,38,42.02049393400189,2017-03-07,3
68859,39,34.636494613044846,2017-03-07,3
68859,40,38.87816234278773,2017-03-07,3
68859,41,42.437888840924394,2017-03-07,3
68859,42,31.271666666666665,2017-03-07,3
68859,43,39.67080266524956,2017-03-07,3
68859,44,38.43680639638235,2017-03-07,3
68859,45,38.27077735466437,2017-03-07,3
68859,46,42.36752115743566,2017-03-07,3
68859,47,48.67702973897758,2017-03-07,3
68859,48,39.71251131642596,2017-03-07,3
68859,49,54.96962552032207,2017-03-07,3
68859,50,44.75510322690139,2017-03-07,3
68859,51,40.56226155821027,2017-03-07,3
68859,52,36.5535169724346,2017-03-07,3
68859,53,46.6665,2017-03-07,3
68859,54,32.71589985690718,2017-03-07,3
68859,55,46.12571064596716,2017-03-07,3
68859,56,30.450733840449715,2017-03-07,3
68859,57,37.20993839376787,2017-03-07,3
68859,58,41.88519503186684,2017-03-07,3
68859,59,39.156647952803795,2017-03-07,3
68859,60,32.33747413772252,2017-03-07,3
68859,61,39.983811718412696,2017-03-07,3
68859,62,42.47815648887194,2017-03-07,3
68859,63,38.0,2017-03-07,3
68859,64,36.196887402043814,2017-03-07,3
68859,65,28.037908139619123,2017-03-07,3
68859,66,16.650111917899544,2017-03-07,3
68859,67,24.128870684818107,2017-03-07,3
68859,68,33.502998096318166,2017-03-07,3
68859,69,32.17855654293538,2017-03-07,3
68859,70,11.063800747830511,2017-03-07,3
68859,71,33.799299289071854,2017-03-07,3
68859,72,29.582508574369758,2017-03-07,3
68859,73,27.27497040989382,2017-03-07,3
68859,74,25.984691783467035,2017-03-07,3
68859,75,27.440613077925345,2017-03-07,3
68859,76,37.11594822457776,2017-03-07,3
68859,77,15.212000165666852,2017-03-07,3
68859,78,28.347890408649658,2017-03-07,3
68859,79,24.96359574793308,2017-03-07,3
68859,80,10.613296508789062,2017-03-07,3
