segment_id,frame,speed,date,DayInWeek
68859,20,42.36316607415161,2017-01-21,7
68859,21,42.23615075691594,2017-01-21,7
68859,22,38.45242350038981,2017-01-21,7
68859,23,35.324766679306364,2017-01-21,7
68859,24,35.72121509239604,2017-01-21,7
68859,25,30.9368031285125,2017-01-21,7
68859,26,37.60222852574539,2017-01-21,7
68859,27,36.07565709634921,2017-01-21,7
68859,28,34.981596261513346,2017-01-21,7
68859,29,42.5955,2017-01-21,7
68859,30,40.24588038040353,2017-01-21,7
68859,31,34.38374968964503,2017-01-21,7
68859,32,34.62050592682745,2017-01-21,7
68859,33,41.52750576091805,2017-01-21,7
68859,34,30.88975722404267,2017-01-21,7
68859,35,38.51952891989984,2017-01-21,7
68859,36,37.72576504616092,2017-01-21,7
68859,37,39.34689968404823,2017-01-21,7
68859,38,35.65975561796744,2017-01-21,7
68859,39,41.40692583040579,2017-01-21,7
68859,40,35.2928890601213,2017-01-21,7
68859,41,38.5951020541707,2017-01-21,7
68859,42,44.86960246761711,2017-01-21,7
68859,43,41.385815639981544,2017-01-21,7
68859,44,36.88156298417016,2017-01-21,7
68859,45,29.963906223385173,2017-01-21,7
68859,46,39.5712514358284,2017-01-21,7
68859,47,43.07483012949272,2017-01-21,7
68859,48,30.34680510141688,2017-01-21,7
68859,49,34.08943755075917,2017-01-21,7
68859,50,38.896554907114464,2017-01-21,7
68859,51,36.88813392633895,2017-01-21,7
68859,52,40.62026051181422,2017-01-21,7
68859,53,28.18785495770966,2017-01-21,7
68859,54,42.5896279451963,2017-01-21,7
68859,55,43.21588573045834,2017-01-21,7
68859,56,34.3236259105671,2017-01-21,7
68859,57,43.47964944708384,2017-01-21,7
68859,58,34.24790947335373,2017-01-21,7
68859,59,38.64960287271798,2017-01-21,7
68859,60,38.029756503050876,2017-01-21,7
68859,61,37.18455277422993,2017-01-21,7
68859,62,36.92457188978232,2017-01-21,7
68859,63,33.46267697022351,2017-01-21,7
68859,64,34.24653667495146,2017-01-21,7
68859,65,40.21251495141064,2017-01-21,7
68859,66,34.37393719562611,2017-01-21,7
68859,67,36.572667814343156,2017-01-21,7
68859,68,33.642156068035604,2017-01-21,7
68859,69,41.78825,2017-01-21,7
68859,70,41.762106076180245,2017-01-21,7
68859,71,18.908385234450954,2017-01-21,7
68859,72,35.74507340683154,2017-01-21,7
68859,73,31.45878546896294,2017-01-21,7
68859,74,33.0072621699417,2017-01-21,7
68859,75,36.41258871483074,2017-01-21,7
68859,76,36.68473858125165,2017-01-21,7
68859,77,29.828970522181873,2017-01-21,7
68859,78,38.642505206079264,2017-01-21,7
68859,79,50.0,2017-01-21,7
68859,80,25.279618852280834,2017-01-21,7
