segment_id,frame,speed,date,DayInWeek
68859,20,32.24388321591653,2017-05-09,3
68859,21,40.0445,2017-05-09,3
68859,22,27.305492499680987,2017-05-09,3
68859,23,29.19421277415819,2017-05-09,3
68859,24,40.825037694188524,2017-05-09,3
68859,25,32.769807082588834,2017-05-09,3
68859,26,37.18922369496941,2017-05-09,3
68859,27,38.571333333333335,2017-05-09,3
68859,28,38.680737368284625,2017-05-09,3
68859,29,30.139588625798496,2017-05-09,3
68859,30,39.86699804846038,2017-05-09,3
68859,31,38.6621624091027,2017-05-09,3
68859,32,40.66584673067145,2017-05-09,3
68859,33,39.208827822736566,2017-05-09,3
68859,34,46.73398836645676,2017-05-09,3
68859,35,44.35107056899405,2017-05-09,3
68859,36,39.37570990079659,2017-05-09,3
68859,37,32.14626881152184,2017-05-09,3
68859,38,38.94206839799099,2017-05-09,3
68859,39,39.906097319971856,2017-05-09,3
68859,40,50.52583584123512,2017-05-09,3
68859,41,38.16371750038829,2017-05-09,3
68859,42,35.14632476566388,2017-05-09,3
68859,43,38.445158284837404,2017-05-09,3
68859,44,40.968833333333336,2017-05-09,3
68859,45,42.12294200496267,2017-05-09,3
68859,46,27.0,2017-05-09,3
68859,47,38.717395816936325,2017-05-09,3
68859,48,38.226753199073286,2017-05-09,3
68859,49,37.26102448932603,2017-05-09,3
68859,50,35.78138184079251,2017-05-09,3
68859,51,37.60211443403087,2017-05-09,3
68859,52,35.42656593285234,2017-05-09,3
68859,53,37.53780810157366,2017-05-09,3
68859,54,36.85841408615289,2017-05-09,3
68859,55,37.03289701751067,2017-05-09,3
68859,56,34.4361566553568,2017-05-09,3
68859,57,40.26130837155311,2017-05-09,3
68859,58,38.06168424915249,2017-05-09,3
68859,59,36.43611236004819,2017-05-09,3
68859,60,35.703240908207206,2017-05-09,3
68859,61,38.893371930697725,2017-05-09,3
68859,62,36.72573785061887,2017-05-09,3
68859,63,34.821535506787825,2017-05-09,3
68859,64,41.11320171148996,2017-05-09,3
68859,65,40.864152587744115,2017-05-09,3
68859,66,38.97779256151513,2017-05-09,3
68859,67,40.25318900425694,2017-05-09,3
68859,68,40.80252012304586,2017-05-09,3
68859,69,26.55430294549398,2017-05-09,3
68859,70,35.753840010985584,2017-05-09,3
68859,71,33.51193536798734,2017-05-09,3
68859,72,35.203202539664225,2017-05-09,3
68859,73,32.69783039612305,2017-05-09,3
68859,74,39.74088151047074,2017-05-09,3
68859,75,34.36997688191508,2017-05-09,3
68859,76,40.354239610802345,2017-05-09,3
68859,77,36.230056269636606,2017-05-09,3
68859,78,40.37143417772687,2017-05-09,3
68859,79,31.0,2017-05-09,3
68859,80,38.01859764280405,2017-05-09,3
