segment_id,frame,speed,date,DayInWeek
68859,20,34.83803268335123,2017-01-16,2
68859,21,37.466740490439804,2017-01-16,2
68859,22,30.3443937492139,2017-01-16,2
68859,23,31.247301602399684,2017-01-16,2
68859,24,37.336440401470135,2017-01-16,2
68859,25,38.696398162473834,2017-01-16,2
68859,26,29.556730927623516,2017-01-16,2
68859,27,39.038840990397205,2017-01-16,2
68859,28,36.66496673975077,2017-01-16,2
68859,29,46.47495834578794,2017-01-16,2
68859,30,45.23678884042654,2017-01-16,2
68859,31,39.049251247848254,2017-01-16,2
68859,32,42.33078925788013,2017-01-16,2
68859,33,35.390814917083134,2017-01-16,2
68859,34,36.178547486801065,2017-01-16,2
68859,35,42.935539238759844,2017-01-16,2
68859,36,29.074558223047838,2017-01-16,2
68859,37,31.51214213353873,2017-01-16,2
68859,38,36.25,2017-01-16,2
68859,39,27.007888930068212,2017-01-16,2
68859,40,37.373800306366334,2017-01-16,2
68859,41,35.276552426725765,2017-01-16,2
68859,42,33.67237557922883,2017-01-16,2
68859,43,35.379344631835664,2017-01-16,2
68859,44,41.13272817041805,2017-01-16,2
68859,45,41.5155452393816,2017-01-16,2
68859,46,25.828837240247438,2017-01-16,2
68859,47,40.8105,2017-01-16,2
68859,48,33.31455856039105,2017-01-16,2
68859,49,39.706492941929696,2017-01-16,2
68859,50,41.76575,2017-01-16,2
68859,51,23.01621131353499,2017-01-16,2
68859,52,44.43521725549292,2017-01-16,2
68859,53,33.88579795339903,2017-01-16,2
68859,54,36.16284386643366,2017-01-16,2
68859,55,28.9441962883512,2017-01-16,2
68859,56,41.317,2017-01-16,2
68859,57,27.240307546558533,2017-01-16,2
68859,58,34.01394646456301,2017-01-16,2
68859,59,34.85426304258771,2017-01-16,2
68859,60,40.06849939390236,2017-01-16,2
68859,61,50.5191714418994,2017-01-16,2
68859,62,36.77174483618758,2017-01-16,2
68859,63,39.11243711604869,2017-01-16,2
68859,64,29.052500000000002,2017-01-16,2
68859,65,36.654229782116005,2017-01-16,2
68859,66,33.762003712125626,2017-01-16,2
68859,67,46.25977113243713,2017-01-16,2
68859,68,26.385333333333335,2017-01-16,2
68859,69,28.124764972831063,2017-01-16,2
68859,70,36.35761696835144,2017-01-16,2
68859,71,45.856973004129486,2017-01-16,2
68859,72,30.039652083716938,2017-01-16,2
68859,73,38.278620148581766,2017-01-16,2
68859,74,32.28458211291544,2017-01-16,2
68859,75,34.87112988607443,2017-01-16,2
68859,76,34.14632481309792,2017-01-16,2
68859,77,43.461097459521824,2017-01-16,2
68859,78,48.71476486077157,2017-01-16,2
68859,79,43.512198642024714,2017-01-16,2
68859,80,9.410503387451172,2017-01-16,2
