segment_id,frame,speed,date,DayInWeek
68859,20,35.469309157009846,2017-01-24,3
68859,21,31.4868070050946,2017-01-24,3
68859,22,37.703039162489276,2017-01-24,3
68859,23,34.50761133136497,2017-01-24,3
68859,24,39.01183942525614,2017-01-24,3
68859,25,37.9420166529714,2017-01-24,3
68859,26,35.0,2017-01-24,3
68859,27,37.003542126965144,2017-01-24,3
68859,28,33.24099184414209,2017-01-24,3
68859,29,42.032863770775755,2017-01-24,3
68859,30,39.78972911003398,2017-01-24,3
68859,31,38.582807578599684,2017-01-24,3
68859,32,37.12843054043694,2017-01-24,3
68859,33,32.911891103248834,2017-01-24,3
68859,34,34.88173088257525,2017-01-24,3
68859,35,39.01255981990795,2017-01-24,3
68859,36,33.559742489459026,2017-01-24,3
68859,37,33.75489767432724,2017-01-24,3
68859,38,27.51957285897018,2017-01-24,3
68859,39,39.22112362694408,2017-01-24,3
68859,40,29.40355901144744,2017-01-24,3
68859,41,36.9477661824653,2017-01-24,3
68859,42,34.93714148241013,2017-01-24,3
68859,43,31.613322155960894,2017-01-24,3
68859,44,44.03789532001729,2017-01-24,3
68859,45,33.5,2017-01-24,3
68859,46,36.01693786593316,2017-01-24,3
68859,47,34.95887765652047,2017-01-24,3
68859,48,45.93386967263655,2017-01-24,3
68859,49,34.45154807545528,2017-01-24,3
68859,50,38.98009788839572,2017-01-24,3
68859,51,41.34409201440798,2017-01-24,3
68859,52,30.12084292553493,2017-01-24,3
68859,53,49.2473247892044,2017-01-24,3
68859,54,43.58160417869727,2017-01-24,3
68859,55,42.10341726079449,2017-01-24,3
68859,56,38.42716208422148,2017-01-24,3
68859,57,40.205977062354016,2017-01-24,3
68859,58,34.770983852441375,2017-01-24,3
68859,59,39.74058223964471,2017-01-24,3
68859,60,38.28830226570748,2017-01-24,3
68859,61,39.270477074589344,2017-01-24,3
68859,62,38.914621069971034,2017-01-24,3
68859,63,38.6033675895256,2017-01-24,3
68859,64,39.01562513571959,2017-01-24,3
68859,65,39.39529014587605,2017-01-24,3
68859,66,38.77414879668939,2017-01-24,3
68859,67,38.241307289578,2017-01-24,3
68859,68,38.44566116260988,2017-01-24,3
68859,69,35.855427743951736,2017-01-24,3
68859,70,37.5851015674544,2017-01-24,3
68859,71,41.7525,2017-01-24,3
68859,72,44.26261268629892,2017-01-24,3
68859,73,40.07084803768598,2017-01-24,3
68859,74,34.08728088126637,2017-01-24,3
68859,75,31.730112358460648,2017-01-24,3
68859,76,28.862574639099087,2017-01-24,3
68859,77,32.2917596197657,2017-01-24,3
68859,78,51.63525,2017-01-24,3
68859,79,44.33333333333333,2017-01-24,3
68859,80,39.453368244108816,2017-01-24,3
