segment_id,frame,speed,date,DayInWeek
68859,20,33.84673176633794,2017-01-12,5
68859,21,34.780358580090606,2017-01-12,5
68859,22,38.82425,2017-01-12,5
68859,23,37.44749167429819,2017-01-12,5
68859,24,32.78066569375376,2017-01-12,5
68859,25,37.01567885221722,2017-01-12,5
68859,26,39.43784343208399,2017-01-12,5
68859,27,35.01940100958456,2017-01-12,5
68859,28,36.47361826286583,2017-01-12,5
68859,29,43.23975350287138,2017-01-12,5
68859,30,36.85397593026398,2017-01-12,5
68859,31,40.327869460199366,2017-01-12,5
68859,32,31.904258936512438,2017-01-12,5
68859,33,34.91683913253925,2017-01-12,5
68859,34,38.03639007743028,2017-01-12,5
68859,35,43.45217500481225,2017-01-12,5
68859,36,44.92597834132572,2017-01-12,5
68859,37,31.91303097188328,2017-01-12,5
68859,38,40.33112211810065,2017-01-12,5
68859,39,41.6904484116974,2017-01-12,5
68859,40,38.7742776398342,2017-01-12,5
68859,41,34.78302591414565,2017-01-12,5
68859,42,40.82010892302984,2017-01-12,5
68859,43,39.442166666666665,2017-01-12,5
68859,44,38.828833333333336,2017-01-12,5
68859,45,43.082194451185536,2017-01-12,5
68859,46,43.897868474533695,2017-01-12,5
68859,47,42.978595287860585,2017-01-12,5
68859,48,40.15759065100258,2017-01-12,5
68859,49,43.35959111614335,2017-01-12,5
68859,50,37.710539464420705,2017-01-12,5
68859,51,45.102363307025826,2017-01-12,5
68859,52,38.85643446364897,2017-01-12,5
68859,53,37.545771847571665,2017-01-12,5
68859,54,36.22480947631584,2017-01-12,5
68859,55,30.362007286924495,2017-01-12,5
68859,56,38.840606971970246,2017-01-12,5
68859,57,38.075217497876864,2017-01-12,5
68859,58,50.01933333333333,2017-01-12,5
68859,59,32.33236518194597,2017-01-12,5
68859,60,48.66482186956511,2017-01-12,5
68859,61,55.0987422179108,2017-01-12,5
68859,62,38.252250000000004,2017-01-12,5
68859,63,43.15775434322599,2017-01-12,5
68859,64,39.5881836917285,2017-01-12,5
68859,65,40.80792765084864,2017-01-12,5
68859,66,38.870063309443665,2017-01-12,5
68859,67,30.953492250476046,2017-01-12,5
68859,68,41.40708496732276,2017-01-12,5
68859,69,43.25836236072918,2017-01-12,5
68859,70,34.3613232109556,2017-01-12,5
68859,71,52.2,2017-01-12,5
68859,72,31.89496870561018,2017-01-12,5
68859,73,35.317335425723186,2017-01-12,5
68859,74,37.900771191298105,2017-01-12,5
68859,75,34.357239556719534,2017-01-12,5
68859,76,40.369497450395016,2017-01-12,5
68859,77,23.220298767089844,2017-01-12,5
68859,78,45.767895118980135,2017-01-12,5
68859,79,40.01573634596512,2017-01-12,5
68859,80,37.91705234088725,2017-01-12,5
