segment_id,frame,speed,date,DayInWeek
68859,20,31.94447199846486,2017-04-01,7
68859,21,30.66980950033434,2017-04-01,7
68859,22,38.34668526282145,2017-04-01,7
68859,23,36.54496654206528,2017-04-01,7
68859,24,42.16959932879847,2017-04-01,7
68859,25,39.25310375916001,2017-04-01,7
68859,26,41.684136534944955,2017-04-01,7
68859,27,35.6622550363535,2017-04-01,7
68859,28,38.627248521531925,2017-04-01,7
68859,29,40.802223506545985,2017-04-01,7
68859,30,30.42717006287679,2017-04-01,7
68859,31,42.21978020554934,2017-04-01,7
68859,32,31.27068221939849,2017-04-01,7
68859,33,38.05166357320884,2017-04-01,7
68859,34,41.425342219619075,2017-04-01,7
68859,35,36.48716502342978,2017-04-01,7
68859,36,32.67952378259344,2017-04-01,7
68859,37,34.8454164232224,2017-04-01,7
68859,38,39.65951850486495,2017-04-01,7
68859,39,40.00268437564416,2017-04-01,7
68859,40,34.78342014911921,2017-04-01,7
68859,41,41.09943108732948,2017-04-01,7
68859,42,35.67628267226259,2017-04-01,7
68859,43,37.61525471290081,2017-04-01,7
68859,44,36.63490934858414,2017-04-01,7
68859,45,34.34856401883664,2017-04-01,7
68859,46,36.99370741255766,2017-04-01,7
68859,47,39.36974784778833,2017-04-01,7
68859,48,37.654761115121985,2017-04-01,7
68859,49,32.68435717773814,2017-04-01,7
68859,50,38.98629331290423,2017-04-01,7
68859,51,30.571568464715604,2017-04-01,7
68859,52,31.08149552086327,2017-04-01,7
68859,53,39.3592048495248,2017-04-01,7
68859,54,33.685833333333335,2017-04-01,7
68859,55,31.8245,2017-04-01,7
68859,56,42.16907832857705,2017-04-01,7
68859,57,38.911485999232426,2017-04-01,7
68859,58,28.8610598215959,2017-04-01,7
68859,59,32.251828967196225,2017-04-01,7
68859,60,35.19825730284331,2017-04-01,7
68859,61,33.03560897643715,2017-04-01,7
68859,62,36.35311617037438,2017-04-01,7
68859,63,41.70348878719027,2017-04-01,7
68859,64,32.75863126291615,2017-04-01,7
68859,65,36.85300379840289,2017-04-01,7
68859,66,40.978544796895235,2017-04-01,7
68859,67,46.0,2017-04-01,7
68859,68,37.02080162464729,2017-04-01,7
68859,69,35.30984204920347,2017-04-01,7
68859,70,35.03351126082701,2017-04-01,7
68859,71,38.769704555818876,2017-04-01,7
68859,72,32.98797091267926,2017-04-01,7
68859,73,37.757671101228944,2017-04-01,7
68859,74,35.71495761540868,2017-04-01,7
68859,75,38.07800252877386,2017-04-01,7
68859,76,34.37884316900579,2017-04-01,7
68859,77,31.695711980961875,2017-04-01,7
68859,78,32.283918739608445,2017-04-01,7
68859,79,18.742916540639502,2017-04-01,7
68859,80,25.435012788251207,2017-04-01,7
