segment_id,frame,speed,date,DayInWeek
68859,20,41.223927052189694,2017-04-27,5
68859,21,24.19963943253805,2017-04-27,5
68859,22,31.213310937240358,2017-04-27,5
68859,23,30.209814890142958,2017-04-27,5
68859,24,29.10201623988864,2017-04-27,5
68859,25,36.862466219644105,2017-04-27,5
68859,26,37.636563436782495,2017-04-27,5
68859,27,38.0,2017-04-27,5
68859,28,37.496780673836014,2017-04-27,5
68859,29,33.80814272783168,2017-04-27,5
68859,30,37.5529834264553,2017-04-27,5
68859,31,32.04831693406255,2017-04-27,5
68859,32,34.815089252948255,2017-04-27,5
68859,33,38.68862968505143,2017-04-27,5
68859,34,43.386517914062765,2017-04-27,5
68859,35,22.84728751309107,2017-04-27,5
68859,36,38.17018285185544,2017-04-27,5
68859,37,35.87242174583931,2017-04-27,5
68859,38,38.50504007509457,2017-04-27,5
68859,39,37.16478854598448,2017-04-27,5
68859,40,42.162,2017-04-27,5
68859,41,36.42823964698943,2017-04-27,5
68859,42,41.0964923363754,2017-04-27,5
68859,43,33.26629387577945,2017-04-27,5
68859,44,33.06441318660726,2017-04-27,5
68859,45,39.46330069757523,2017-04-27,5
68859,46,49.35166436324597,2017-04-27,5
68859,47,38.234731135598935,2017-04-27,5
68859,48,23.4398230941212,2017-04-27,5
68859,49,37.51556630996535,2017-04-27,5
68859,50,36.42518465941227,2017-04-27,5
68859,51,44.90786030027985,2017-04-27,5
68859,52,34.542035123632864,2017-04-27,5
68859,53,35.40288690039014,2017-04-27,5
68859,54,28.334937395684904,2017-04-27,5
68859,55,27.593157393089463,2017-04-27,5
68859,56,35.06945047626557,2017-04-27,5
68859,57,34.070431929712825,2017-04-27,5
68859,58,36.70700409799769,2017-04-27,5
68859,59,39.666666666666664,2017-04-27,5
68859,60,35.389101331498864,2017-04-27,5
68859,61,41.73993797438083,2017-04-27,5
68859,62,35.52814404474714,2017-04-27,5
68859,63,33.78560951864695,2017-04-27,5
68859,64,23.547166886522845,2017-04-27,5
68859,65,39.28849872120497,2017-04-27,5
68859,66,31.27471277576086,2017-04-27,5
68859,67,20.995565033531584,2017-04-27,5
68859,68,35.59793022729575,2017-04-27,5
68859,69,14.302094700673365,2017-04-27,5
68859,70,15.463003772485617,2017-04-27,5
68859,71,26.07739472402879,2017-04-27,5
68859,72,25.28650087500085,2017-04-27,5
68859,73,25.13018793609614,2017-04-27,5
68859,74,15.013668155097202,2017-04-27,5
68859,75,12.785596411041636,2017-04-27,5
68859,76,0.9976387023925781,2017-04-27,5
68859,77,29.452266106594436,2017-04-27,5
68859,78,13.986584913758668,2017-04-27,5
68859,79,5.448861654298205,2017-04-27,5
68859,80,27.101631402150254,2017-04-27,5
