segment_id,frame,speed,date,DayInWeek
68859,20,26.449277657790994,2017-03-18,7
68859,21,34.15668051704172,2017-03-18,7
68859,22,38.92071846606727,2017-03-18,7
68859,23,40.475020586387856,2017-03-18,7
68859,24,40.0265,2017-03-18,7
68859,25,38.69855920920831,2017-03-18,7
68859,26,34.19470369943717,2017-03-18,7
68859,27,41.99422322263045,2017-03-18,7
68859,28,38.719664051644244,2017-03-18,7
68859,29,42.139966069826365,2017-03-18,7
68859,30,38.53518189535453,2017-03-18,7
68859,31,37.49864184142641,2017-03-18,7
68859,32,35.794533283394784,2017-03-18,7
68859,33,42.52500964373246,2017-03-18,7
68859,34,43.91790542258093,2017-03-18,7
68859,35,42.88818011889408,2017-03-18,7
68859,36,42.361119154160676,2017-03-18,7
68859,37,34.29106959651713,2017-03-18,7
68859,38,43.22713693015633,2017-03-18,7
68859,39,45.18824479561988,2017-03-18,7
68859,40,42.94390834847343,2017-03-18,7
68859,41,41.41060553789484,2017-03-18,7
68859,42,49.61776707656463,2017-03-18,7
68859,43,36.9029660278797,2017-03-18,7
68859,44,40.04861163101208,2017-03-18,7
68859,45,39.24304154440027,2017-03-18,7
68859,46,34.13150433914792,2017-03-18,7
68859,47,40.60367291311225,2017-03-18,7
68859,48,33.60133310714214,2017-03-18,7
68859,49,38.897259277143434,2017-03-18,7
68859,50,46.2074207595506,2017-03-18,7
68859,51,42.552723282301464,2017-03-18,7
68859,52,44.806287661056814,2017-03-18,7
68859,53,37.4934721824373,2017-03-18,7
68859,54,40.63986323868214,2017-03-18,7
68859,55,42.7115907176688,2017-03-18,7
68859,56,36.99566237797012,2017-03-18,7
68859,57,44.68793568155207,2017-03-18,7
68859,58,40.44417266590199,2017-03-18,7
68859,59,37.70083194961761,2017-03-18,7
68859,60,47.350148460139295,2017-03-18,7
68859,61,41.50015561992119,2017-03-18,7
68859,62,43.95378300083485,2017-03-18,7
68859,63,36.310437757464626,2017-03-18,7
68859,64,44.442652313438685,2017-03-18,7
68859,65,38.66064443011591,2017-03-18,7
68859,66,35.166256381533394,2017-03-18,7
68859,67,33.40617445688663,2017-03-18,7
68859,68,40.019680102158475,2017-03-18,7
68859,69,36.674612723965836,2017-03-18,7
68859,70,31.303908573157862,2017-03-18,7
68859,71,31.394409924051466,2017-03-18,7
68859,72,44.20842034406187,2017-03-18,7
68859,73,43.93879925508915,2017-03-18,7
68859,74,37.79591717486077,2017-03-18,7
68859,75,36.43823221698811,2017-03-18,7
68859,76,43.77492459671403,2017-03-18,7
68859,77,37.34422128115506,2017-03-18,7
68859,78,29.168956767793777,2017-03-18,7
68859,79,37.93802895369011,2017-03-18,7
68859,80,41.36428335096104,2017-03-18,7
