segment_id,frame,speed,date,DayInWeek
68859,20,33.363672052823844,2017-03-25,7
68859,21,22.44646953830138,2017-03-25,7
68859,22,22.1168,2017-03-25,7
68859,23,29.190565380397004,2017-03-25,7
68859,24,33.20899390058317,2017-03-25,7
68859,25,40.676794588272045,2017-03-25,7
68859,26,43.21855990831514,2017-03-25,7
68859,27,35.14206211286816,2017-03-25,7
68859,28,43.46116279684655,2017-03-25,7
68859,29,32.18557609816757,2017-03-25,7
68859,30,38.685470319564374,2017-03-25,7
68859,31,29.634498140444915,2017-03-25,7
68859,32,38.943440595216686,2017-03-25,7
68859,33,14.247219080085557,2017-03-25,7
68859,34,31.497570134205734,2017-03-25,7
68859,35,34.05582373687571,2017-03-25,7
68859,36,23.124521683516154,2017-03-25,7
68859,37,30.46699725688695,2017-03-25,7
68859,38,54.3,2017-03-25,7
68859,39,46.87857976622145,2017-03-25,7
68859,40,37.57847404881461,2017-03-25,7
68859,41,43.395349324583236,2017-03-25,7
68859,42,36.43171315206973,2017-03-25,7
68859,43,22.42134964994205,2017-03-25,7
68859,44,37.955284153129256,2017-03-25,7
68859,45,39.54356880284381,2017-03-25,7
68859,46,42.48789244541262,2017-03-25,7
68859,47,41.26612014494657,2017-03-25,7
68859,48,31.123018184028247,2017-03-25,7
68859,49,41.14228721347085,2017-03-25,7
68859,50,36.871663487981095,2017-03-25,7
68859,51,31.069453966732368,2017-03-25,7
68859,52,43.44114382481474,2017-03-25,7
68859,53,40.136059383564856,2017-03-25,7
68859,54,36.71217793639054,2017-03-25,7
68859,55,22.56928074969558,2017-03-25,7
68859,56,49.12136640422412,2017-03-25,7
68859,57,34.85764921613817,2017-03-25,7
68859,58,6.403745199008318,2017-03-25,7
68859,59,37.86198091572646,2017-03-25,7
68859,60,40.38467647892861,2017-03-25,7
68859,61,38.25180615582104,2017-03-25,7
68859,62,26.972800274000775,2017-03-25,7
68859,63,43.23739138732391,2017-03-25,7
68859,64,31.006688914271997,2017-03-25,7
68859,65,42.927630599766196,2017-03-25,7
68859,66,31.349202078520996,2017-03-25,7
68859,67,41.70393998547115,2017-03-25,7
68859,68,39.449885524113526,2017-03-25,7
68859,69,36.534549262579475,2017-03-25,7
68859,70,36.974313621172655,2017-03-25,7
68859,71,35.42771826843743,2017-03-25,7
68859,72,42.00223648049392,2017-03-25,7
68859,73,47.54767991872316,2017-03-25,7
68859,74,39.87316785727001,2017-03-25,7
68859,75,39.43593828805937,2017-03-25,7
68859,76,38.47981805257403,2017-03-25,7
68859,77,30.44830049904069,2017-03-25,7
68859,78,46.03963097436856,2017-03-25,7
68859,79,43.575,2017-03-25,7
68859,80,45.85522830142979,2017-03-25,7
