segment_id,frame,speed,date,DayInWeek
68859,20,35.833056256571574,2017-03-05,1
68859,21,37.85725640960255,2017-03-05,1
68859,22,32.642664380295145,2017-03-05,1
68859,23,39.91031772192078,2017-03-05,1
68859,24,43.98875652555856,2017-03-05,1
68859,25,42.285704706689074,2017-03-05,1
68859,26,35.14448686247624,2017-03-05,1
68859,27,33.051637739204,2017-03-05,1
68859,28,44.849211248249766,2017-03-05,1
68859,29,39.14108444301746,2017-03-05,1
68859,30,44.607445469141815,2017-03-05,1
68859,31,32.65851177028579,2017-03-05,1
68859,32,36.676686418888664,2017-03-05,1
68859,33,42.372861957157745,2017-03-05,1
68859,34,34.33750114724307,2017-03-05,1
68859,35,45.01839790520826,2017-03-05,1
68859,36,41.27814066680024,2017-03-05,1
68859,37,43.817396657941316,2017-03-05,1
68859,38,42.431655237076654,2017-03-05,1
68859,39,34.82124644857972,2017-03-05,1
68859,40,39.81533459752704,2017-03-05,1
68859,41,38.93489943709123,2017-03-05,1
68859,42,50.27160045650647,2017-03-05,1
68859,43,37.75908140473581,2017-03-05,1
68859,44,30.97296282958637,2017-03-05,1
68859,45,39.85145490533456,2017-03-05,1
68859,46,38.15036839849462,2017-03-05,1
68859,47,42.453604763090055,2017-03-05,1
68859,48,39.09728677575414,2017-03-05,1
68859,49,40.3177562049246,2017-03-05,1
68859,50,40.22504664111291,2017-03-05,1
68859,51,41.357670963037776,2017-03-05,1
68859,52,48.15382070183936,2017-03-05,1
68859,53,42.904556063834576,2017-03-05,1
68859,54,34.05943440952659,2017-03-05,1
68859,55,39.87514711249422,2017-03-05,1
68859,56,42.75768900785022,2017-03-05,1
68859,57,28.637144562264353,2017-03-05,1
68859,58,46.42375753126141,2017-03-05,1
68859,59,44.17509005944704,2017-03-05,1
68859,60,40.79865498167478,2017-03-05,1
68859,61,37.22049519265866,2017-03-05,1
68859,62,41.72599395001322,2017-03-05,1
68859,63,46.403707610725256,2017-03-05,1
68859,64,41.33181821664135,2017-03-05,1
68859,65,40.29880606546083,2017-03-05,1
68859,66,32.70993702278795,2017-03-05,1
68859,67,42.55069982285616,2017-03-05,1
68859,68,34.005302694983996,2017-03-05,1
68859,69,37.55089744812902,2017-03-05,1
68859,70,37.67229163309469,2017-03-05,1
68859,71,36.93241340975487,2017-03-05,1
68859,72,37.85374423902139,2017-03-05,1
68859,73,39.59436301736773,2017-03-05,1
68859,74,30.809287303481167,2017-03-05,1
68859,75,39.321892111870085,2017-03-05,1
68859,76,40.1140355491611,2017-03-05,1
68859,77,37.75411728207152,2017-03-05,1
68859,78,42.755503688372485,2017-03-05,1
68859,79,37.33061118040778,2017-03-05,1
68859,80,40.84300549527262,2017-03-05,1
