speed0,predictedSpeed
0.5224325561093395,0.6936239766420763
0.6936239766420763,0.46241841064028094
0.46241841064028094,0.4438575752538812
0.4438575752538812,0.4544162300379592
0.4544162300379592,0.74
0.74,0.5611859555377247
0.5611859555377247,0.4563534798115677
0.4563534798115677,0.6347311432194617
0.6347311432194617,0.6657219000389187
0.6657219000389187,0.5630807692307692
0.5630807692307692,0.63620262796925
0.63620262796925,0.6279470077434415
0.6279470077434415,0.6344908628211162
0.6344908628211162,0.5951657142615832
0.5951657142615832,0.5139703052804617
0.5139703052804617,0.6395584172629492
0.6395584172629492,0.5002375306848452
0.5002375306848452,0.6858581011545987
0.6858581011545987,0.603586311192732
0.603586311192732,0.6911066410579434
0.6911066410579434,0.6133327841914061
0.6133327841914061,0.5796632341883603
0.5796632341883603,0.7026576637326363
0.7026576637326363,0.5504891766407031
0.5504891766407031,0.7322048442728909
0.7322048442728909,0.6716492001419427
0.6716492001419427,0.7323029644003732
0.7323029644003732,0.520749362313447
0.520749362313447,0.45865255013717354
0.45865255013717354,0.551166942444873
0.551166942444873,0.6959184672660864
0.6959184672660864,0.5766306844994168
0.5766306844994168,0.691688800736072
0.691688800736072,0.5104757860350456
0.5104757860350456,0.5739878832207658
0.5739878832207658,0.6056963395513415
0.6056963395513415,0.721866249308385
0.721866249308385,0.5485334628072008
0.5485334628072008,0.5934286707476695
0.5934286707476695,0.6943890111838281
0.6943890111838281,0.6647715233066964
0.6647715233066964,0.5774169726110844
0.5774169726110844,0.6155801070066844
0.6155801070066844,0.5396319074764867
0.5396319074764867,0.666439818564829
0.666439818564829,0.7149813521011442
0.7149813521011442,0.5933478404744735
0.5933478404744735,0.6101941724558396
0.6101941724558396,0.6290076367154337
0.6290076367154337,0.5889217257826899
0.5889217257826899,0.6062336760433606
0.6062336760433606,0.5901923076923077
0.5901923076923077,0.517746394834214
0.517746394834214,0.7384615384615385
0.7384615384615385,0.5349681137584421
0.5349681137584421,0.6075429675379638
0.6075429675379638,0.5919697525766237
0.5919697525766237,0.5555697513231819
0.5555697513231819,0.5087954373940162
0.5087954373940162,0.5690092114415645
