speed0,predictedSpeed
0.5516125451364827,0.5269230769230769
0.5269230769230769,0.5884994776978236
0.5884994776978236,0.5517408563753858
0.5517408563753858,0.37933750893335677
0.37933750893335677,0.5794680132385015
0.5794680132385015,0.5460591882781601
0.5460591882781601,0.726308358660065
0.726308358660065,0.7947968957058337
0.7947968957058337,0.5989144344323527
0.5989144344323527,0.6858605741764414
0.6858605741764414,0.6855650105513661
0.6855650105513661,0.6514860349134064
0.6514860349134064,0.5288075604853805
0.5288075604853805,0.5113154797169974
0.5113154797169974,0.5640974236848378
0.5640974236848378,0.5986538461538462
0.5986538461538462,0.5563132477382393
0.5563132477382393,0.6537295218208667
0.6537295218208667,0.5612333728167372
0.5612333728167372,0.5354896815859248
0.5354896815859248,0.7009541100388539
0.7009541100388539,0.6585351571665589
0.6585351571665589,0.6869908615516035
0.6869908615516035,0.5485774105037763
0.5485774105037763,0.745638975579056
0.745638975579056,0.6529733054245085
0.6529733054245085,0.8076960474301405
0.8076960474301405,0.6222205934768581
0.6222205934768581,0.5776428558521268
0.5776428558521268,0.5548047309917717
0.5548047309917717,0.6983977988916555
0.6983977988916555,0.7985810916289254
0.7985810916289254,0.906753212547479
0.906753212547479,0.7165485777192688
0.7165485777192688,0.6625301923446307
0.6625301923446307,0.6488332451622771
0.6488332451622771,0.7307692307692307
0.7307692307692307,0.504462476606632
0.504462476606632,0.6782946790338693
0.6782946790338693,0.6391846047096206
0.6391846047096206,0.6314731593668778
0.6314731593668778,0.6324648354222812
0.6324648354222812,0.7232168021994567
0.7232168021994567,0.6098762441622421
0.6098762441622421,0.3463179487179487
0.3463179487179487,0.5951999233233377
0.5951999233233377,0.5960674357261759
0.5960674357261759,0.6100384593657224
0.6100384593657224,0.5950220279538071
0.5950220279538071,0.6047393101177
0.6047393101177,0.53770977922038
0.53770977922038,0.3438840842709367
0.3438840842709367,0.4915124583347719
0.4915124583347719,0.6174206200634285
0.6174206200634285,0.49398892122153004
0.49398892122153004,0.5386611111830697
0.5386611111830697,0.48018011743047045
0.48018011743047045,0.5222463673116932
0.5222463673116932,0.7221619351244527
0.7221619351244527,0.7406929108637403
