speed0,predictedSpeed
0.7139823866610832,0.6298266449658262
0.6298266449658262,0.6030546518281131
0.6030546518281131,0.34600773419644587
0.34600773419644587,0.7569225971994751
0.7569225971994751,0.36711073470448885
0.36711073470448885,0.5723776230634493
0.5723776230634493,0.6990999999999999
0.6990999999999999,0.5240442438535206
0.5240442438535206,0.5792328310203072
0.5792328310203072,0.5004625362395942
0.5004625362395942,0.569757861304963
0.569757861304963,0.4587533488964476
0.4587533488964476,0.5624386915430668
0.5624386915430668,0.6551579445547123
0.6551579445547123,0.5934717561225891
0.5934717561225891,0.620306105330525
0.620306105330525,0.7147764774544276
0.7147764774544276,0.6840769246258193
0.6840769246258193,0.8153846153846154
0.8153846153846154,0.5396561505863224
0.5396561505863224,0.715
0.715,0.714088851822348
0.714088851822348,0.5849896789400691
0.5849896789400691,0.6812666666666667
0.6812666666666667,0.27955549132842616
0.27955549132842616,0.5279299252049843
0.5279299252049843,0.6543326923076923
0.6543326923076923,0.7392409625837768
0.7392409625837768,0.6095012763816435
0.6095012763816435,0.5058596252947025
0.5058596252947025,0.39903846153846156
0.39903846153846156,0.5569609336362635
0.5569609336362635,0.49370236887584595
0.49370236887584595,0.5712897453352956
0.5712897453352956,0.7106328124378877
0.7106328124378877,0.7463064181911189
0.7463064181911189,0.38657307692307685
0.38657307692307685,0.5296832424910695
0.5296832424910695,0.5234312294079402
0.5234312294079402,0.6047809300929053
0.6047809300929053,0.5393936332172681
0.5393936332172681,0.7081993853847861
0.7081993853847861,0.6663639548792304
0.6663639548792304,0.6223769230769232
0.6223769230769232,0.5226231713751638
0.5226231713751638,0.6473076923076924
0.6473076923076924,0.5591556056620166
0.5591556056620166,0.7063384615384615
0.7063384615384615,0.6948160233624022
0.6948160233624022,0.5910501417007319
0.5910501417007319,0.5819714431921024
0.5819714431921024,0.7056764113683609
0.7056764113683609,0.6575641025641026
0.6575641025641026,0.6333071872704217
0.6333071872704217,0.6215719223011359
0.6215719223011359,0.6311051938271444
0.6311051938271444,0.4740003397708755
0.4740003397708755,0.23748257766228548
0.23748257766228548,0.8766439854847909
0.8766439854847909,0.6294081935271213
