speed0,predictedSpeed
0.2653339900394447,0.46026486386775123
0.46026486386775123,0.3318881074987071
0.3318881074987071,0.7034573919774765
0.7034573919774765,0.4655957354952343
0.4655957354952343,0.562088407983177
0.562088407983177,0.4523818177776851
0.4523818177776851,0.4462122347843128
0.4462122347843128,0.5674693798997772
0.5674693798997772,0.447219774612625
0.447219774612625,0.1892449293870192
0.1892449293870192,0.5025695465087082
0.5025695465087082,0.5773231675010366
0.5773231675010366,0.5502215741743822
0.5502215741743822,0.6045181617605719
0.6045181617605719,0.5431030270433357
0.5431030270433357,0.5128735237944709
0.5128735237944709,0.4694477626776261
0.4694477626776261,0.48360752312177907
0.48360752312177907,0.5002989048562854
0.5002989048562854,0.5467307692307692
0.5467307692307692,0.6627384615384616
0.6627384615384616,0.5986022270305249
0.5986022270305249,0.36776673275416216
0.36776673275416216,0.4317430585571
0.4317430585571,0.4994757827069906
0.4994757827069906,0.5568094719580301
0.5568094719580301,0.562175932196848
0.562175932196848,0.6615384615384615
0.6615384615384615,0.4975341795289069
0.4975341795289069,0.7268644117875329
0.7268644117875329,0.6513051282051282
0.6513051282051282,0.6443968218923511
0.6443968218923511,0.6174494186011016
0.6174494186011016,0.5139163989596172
0.5139163989596172,0.5720884615384615
0.5720884615384615,0.514371989006427
0.514371989006427,0.6851162432318171
0.6851162432318171,0.6151816929595633
0.6151816929595633,0.6467293823122108
0.6467293823122108,0.5171769068515658
0.5171769068515658,0.42112584778362405
0.42112584778362405,0.7022777300996914
0.7022777300996914,0.6639384615384615
0.6639384615384615,0.5803651396550668
0.5803651396550668,0.6461538461538462
0.6461538461538462,0.6769397435897437
0.6769397435897437,0.5861103265465989
0.5861103265465989,0.40294002902602905
0.40294002902602905,0.6162423114853852
0.6162423114853852,0.564810605202945
0.564810605202945,0.4307692307692308
0.4307692307692308,0.4817910071194695
0.4817910071194695,0.4591314694371778
0.4591314694371778,0.36677801487361916
0.36677801487361916,0.6026236351399481
0.6026236351399481,0.5488558276507457
0.5488558276507457,0.47522870538616246
0.47522870538616246,0.27364196024899906
0.27364196024899906,0.3949441918483218
0.3949441918483218,0.4998101589648276
