speed0,predictedSpeed
0.536938973741201,0.5692307692307692
0.5692307692307692,0.28714228096769867
0.28714228096769867,0.4019858749423746
0.4019858749423746,0.6020856706147422
0.6020856706147422,0.46153846153846156
0.46153846153846156,0.7364637157890301
0.7364637157890301,0.6761498037283576
0.6761498037283576,0.5703294185380088
0.5703294185380088,0.5846153846153846
0.5846153846153846,0.5220930190118
0.5220930190118,0.7466769230769229
0.7466769230769229,0.612487015400909
0.612487015400909,0.5812714467107716
0.5812714467107716,0.6681985586570027
0.6681985586570027,0.5191637099098451
0.5191637099098451,0.571146376566847
0.571146376566847,0.5961771674672386
0.5961771674672386,0.6529073749340722
0.6529073749340722,0.593976792221921
0.593976792221921,0.7742307692307693
0.7742307692307693,0.5829112797049304
0.5829112797049304,0.702201246102605
0.702201246102605,0.6100040783680041
0.6100040783680041,0.3979971641547785
0.3979971641547785,0.5903313676491204
0.5903313676491204,0.7080526556650566
0.7080526556650566,0.6373866890554205
0.6373866890554205,0.6713889261094883
0.6713889261094883,0.6094304730207212
0.6094304730207212,0.8342196920425037
0.8342196920425037,0.6623903635774814
0.6623903635774814,0.3264166666666667
0.3264166666666667,0.6091046779629099
0.6091046779629099,0.6632969437123949
0.6632969437123949,0.6404111469291637
0.6404111469291637,0.5681992076220596
0.5681992076220596,0.6662092307692308
0.6662092307692308,0.7091035983070996
0.7091035983070996,0.5720419901818392
0.5720419901818392,0.7071981602274368
0.7071981602274368,0.6571829650950137
0.6571829650950137,0.4326923076923077
0.4326923076923077,0.6482119330572564
0.6482119330572564,0.7443027496876653
0.7443027496876653,0.8105770406445899
0.8105770406445899,0.5845408786188859
0.5845408786188859,0.5866641960512203
0.5866641960512203,0.6925641025641025
0.6925641025641025,0.6245916892388871
0.6245916892388871,0.622920451199124
0.622920451199124,0.7330780747231315
0.7330780747231315,0.5642469558798505
0.5642469558798505,0.5798685401470438
0.5798685401470438,0.6727238086136041
0.6727238086136041,0.5478262103360385
0.5478262103360385,0.6081459740567043
0.6081459740567043,0.5736230769230769
0.5736230769230769,0.5410024477375046
0.5410024477375046,0.9692307692307692
0.9692307692307692,0.7084993006929675
