speed0,predictedSpeed
0.3673140155117227,0.37955610695863384
0.37955610695863384,0.37658208946814903
0.37658208946814903,0.36151880580178325
0.36151880580178325,0.35419998548538745
0.35419998548538745,0.2110534469885112
0.2110534469885112,0.35702581279972334
0.35702581279972334,0.5285502090948646
0.5285502090948646,0.4900051615339324
0.4900051615339324,0.5903782543135896
0.5903782543135896,0.5369421070859086
0.5369421070859086,0.5174263119128716
0.5174263119128716,0.6886361564483412
0.6886361564483412,0.5994530444029748
0.5994530444029748,0.5516010221502401
0.5516010221502401,0.6222613449188067
0.6222613449188067,0.5427210829764502
0.5427210829764502,0.6753492095068859
0.6753492095068859,0.5954153846153846
0.5954153846153846,0.6675707909209633
0.6675707909209633,0.6200678291910734
0.6200678291910734,0.6568908447818006
0.6568908447818006,0.5480012268242934
0.5480012268242934,0.3921
0.3921,0.5519031293857003
0.5519031293857003,0.5097314453235354
0.5097314453235354,0.20726252300555892
0.20726252300555892,0.5311251526139915
0.5311251526139915,0.6127676942592398
0.6127676942592398,0.6029653499517459
0.6029653499517459,0.7290260062326148
0.7290260062326148,0.48617730801697034
0.48617730801697034,0.5538679972078633
0.5538679972078633,0.4507702905412787
0.4507702905412787,0.6623629000586032
0.6623629000586032,0.5604415011754206
0.5604415011754206,0.6982719023408059
0.6982719023408059,0.5982288741521228
0.5982288741521228,0.6493776739176151
0.6493776739176151,0.5164404251889145
0.5164404251889145,0.3328067994895322
0.3328067994895322,0.6758450931918079
0.6758450931918079,0.6273010924632355
0.6273010924632355,0.5448857292675551
0.5448857292675551,0.7002868098943331
0.7002868098943331,0.6254954401869588
0.6254954401869588,0.638594430391731
0.638594430391731,0.6508486207417324
0.6508486207417324,0.47995415277704173
0.47995415277704173,0.6092388569717481
0.6092388569717481,0.2863154062032112
0.2863154062032112,0.41775687431790826
0.41775687431790826,0.42179781193508037
0.42179781193508037,0.3511399577265886
0.3511399577265886,0.4676002351146424
0.4676002351146424,0.8153846153846154
0.8153846153846154,0.5951640323944015
0.5951640323944015,0.540956354672594
0.540956354672594,0.5335044186729777
0.5335044186729777,0.5009545650495859
0.5009545650495859,0.616010748448715
