speed0,predictedSpeed
0.5656375847012218,0.581832462566335
0.581832462566335,0.6025230414858354
0.6025230414858354,0.47323776874581996
0.47323776874581996,0.7584822236222245
0.7584822236222245,0.6391988499977899
0.6391988499977899,0.6341681561555499
0.6341681561555499,0.5437549530300498
0.5437549530300498,0.6418460576288103
0.6418460576288103,0.6511577787278121
0.6511577787278121,0.6222703721480844
0.6222703721480844,0.537221822529997
0.537221822529997,0.6473094139825522
0.6473094139825522,0.6078710030748444
0.6078710030748444,0.6282489921750073
0.6282489921750073,0.5255791495603029
0.5255791495603029,0.5923495550067863
0.5923495550067863,0.5840556821983728
0.5840556821983728,0.5838508423552676
0.5838508423552676,0.43182509641060207
0.43182509641060207,0.6065847566532903
0.6065847566532903,0.6203869935446485
0.6203869935446485,0.6091032379329395
0.6091032379329395,0.47285274381352715
0.47285274381352715,0.6239678497522518
0.6239678497522518,0.6492264138858399
0.6492264138858399,0.5597840561127787
0.5597840561127787,0.6839698623886606
0.6839698623886606,0.6082406343038883
0.6082406343038883,0.6653349042037834
0.6653349042037834,0.6117975638808828
0.6117975638808828,0.5832208078784623
0.5832208078784623,0.38226777329595996
0.38226777329595996,0.5688251406448073
0.5688251406448073,0.7102660509677573
0.7102660509677573,0.6962095090020352
0.6962095090020352,0.5689011196602661
0.5689011196602661,0.6196153846153846
0.6196153846153846,0.5127215820176191
0.5127215820176191,0.5726412403759712
0.5726412403759712,0.7514129058568415
0.7514129058568415,0.5196215567540213
0.5196215567540213,0.696967111093807
0.696967111093807,0.6874057704831468
0.6874057704831468,0.6586991053093579
0.6586991053093579,0.6487257742294622
0.6487257742294622,0.6080835946135035
0.6080835946135035,0.6467208918608651
0.6467208918608651,0.6511414437572834
0.6511414437572834,0.5902930724717528
0.5902930724717528,0.48712768529495964
0.48712768529495964,0.5774498050763426
0.5774498050763426,0.5817472279532045
0.5817472279532045,0.5834599232015191
0.5834599232015191,0.5252992118021651
0.5252992118021651,0.6068075022807525
0.6068075022807525,0.22153313238098316
0.22153313238098316,0.7088537417188049
0.7088537417188049,0.5597781852283338
0.5597781852283338,0.5273710932970096
0.5273710932970096,0.6216962089847888
