speed0,predictedSpeed
0.5289530189999885,0.45697699087046717
0.45697699087046717,0.40050746868521286
0.40050746868521286,0.49871202674070875
0.49871202674070875,0.3474828756322968
0.3474828756322968,0.3510197509096411
0.3510197509096411,0.21963493005447307
0.21963493005447307,0.5066902046753186
0.5066902046753186,0.7090247334825414
0.7090247334825414,0.6626275948612945
0.6626275948612945,0.5605037557213206
0.5605037557213206,0.6026851280654627
0.6026851280654627,0.6414041595910027
0.6414041595910027,0.5605797973826173
0.5605797973826173,0.5309070057222742
0.5309070057222742,0.42174732767748613
0.42174732767748613,0.49394423722059766
0.49394423722059766,0.6314759679425302
0.6314759679425302,0.6026991653813419
0.6026991653813419,0.32323846153846153
0.32323846153846153,0.6132923076923077
0.6132923076923077,0.5510915794472628
0.5510915794472628,0.6176289159234974
0.6176289159234974,0.4975301656926709
0.4975301656926709,0.6723178834161043
0.6723178834161043,0.5521652037564505
0.5521652037564505,0.6831045191114292
0.6831045191114292,0.5435161900836855
0.5435161900836855,0.597899724371158
0.597899724371158,0.6548087625925387
0.6548087625925387,0.6957899711957453
0.6957899711957453,0.659061084076439
0.659061084076439,0.6196206487344883
0.6196206487344883,0.5139880766773418
0.5139880766773418,0.6676213074573112
0.6676213074573112,0.5690977842708157
0.5690977842708157,0.6406631605609204
0.6406631605609204,0.6291222918387925
0.6291222918387925,0.593508472978425
0.593508472978425,0.5669583306906782
0.5669583306906782,0.6100500437670477
0.6100500437670477,0.6002540171137933
0.6002540171137933,0.6719230769230768
0.6719230769230768,0.45682411775644693
0.45682411775644693,0.6788456068163008
0.6788456068163008,0.6538908364852029
0.6538908364852029,0.496233111947109
0.496233111947109,0.6043532299218772
0.6043532299218772,0.5657434113146073
0.5657434113146073,0.6038277761020595
0.6038277761020595,0.6084047141237064
0.6084047141237064,0.603438703528142
0.603438703528142,0.5212015954696981
0.5212015954696981,0.6741967165307412
0.6741967165307412,0.3242750975470575
0.3242750975470575,0.6
0.6,0.5674357118917613
0.5674357118917613,0.4689965836877517
0.4689965836877517,0.6717948717948717
0.6717948717948717,0.518749961124406
0.518749961124406,0.5307692307692308
