speed0,predictedSpeed
0.22508807565319885,0.47328685546666777
0.47328685546666777,0.4586564779911171
0.4586564779911171,0.6837011360553173
0.6837011360553173,0.5839855473195216
0.5839855473195216,0.7653846153846153
0.7653846153846153,0.6401406979134439
0.6401406979134439,0.5439945959760921
0.5439945959760921,0.5564680998068929
0.5564680998068929,0.5491980420189293
0.5491980420189293,0.5810255293317632
0.5810255293317632,0.6434502815163191
0.6434502815163191,0.5862196583633477
0.5862196583633477,0.5154327872373741
0.5154327872373741,0.6858628787598924
0.6858628787598924,0.6005769230769231
0.6005769230769231,0.6260564102564103
0.6260564102564103,0.5802844275193892
0.5802844275193892,0.6397444373788931
0.6397444373788931,0.5626783065857238
0.5626783065857238,0.7430304985423436
0.7430304985423436,0.5542403537249483
0.5542403537249483,0.5936379470461743
0.5936379470461743,0.5296337579832276
0.5296337579832276,0.5195938831593012
0.5195938831593012,0.5125146959164661
0.5125146959164661,0.5712497970768489
0.5712497970768489,0.5902115384615384
0.5902115384615384,0.6416554498685566
0.6416554498685566,0.714495623468191
0.714495623468191,0.5322367412089228
0.5322367412089228,0.7761615384615385
0.7761615384615385,0.34897435897435897
0.34897435897435897,0.7165892030436845
0.7165892030436845,0.7303175136350404
0.7303175136350404,0.5865313016790915
0.5865313016790915,0.6087682206946897
0.6087682206946897,0.7243692307692308
0.7243692307692308,0.7563461538461539
0.7563461538461539,0.3973490530751626
0.3973490530751626,0.6203633257148139
0.6203633257148139,0.7692307692307693
0.7692307692307693,0.795123749364155
0.795123749364155,0.7494190210454109
0.7494190210454109,0.6852437126899993
0.6852437126899993,0.7699181016970921
0.7699181016970921,0.687330715187895
0.687330715187895,0.8
0.8,0.6033580973497292
0.6033580973497292,0.6207692307692307
0.6207692307692307,0.627511998144607
0.627511998144607,0.62
0.62,0.5462188829824507
0.5462188829824507,0.6271107064614584
0.6271107064614584,0.6284821331725966
0.6284821331725966,0.6135135526546436
0.6135135526546436,0.5537391540069662
0.5537391540069662,0.4461538461538462
0.4461538461538462,0.6076923076923076
0.6076923076923076,0.5879883245204595
0.5879883245204595,0.5450078181337218
