speed0,predictedSpeed
0.23035217754747367,0.182309511398134
0.182309511398134,0.30618210947942226
0.30618210947942226,0.44860204706445767
0.44860204706445767,0.21440457777301122
0.21440457777301122,0.5585840549475005
0.5585840549475005,0.7437589961091421
0.7437589961091421,0.5653688154585008
0.5653688154585008,0.5123072734691299
0.5123072734691299,0.6713313904046604
0.6713313904046604,0.6152934235250336
0.6152934235250336,0.6641981830022595
0.6641981830022595,0.603123076923077
0.603123076923077,0.6211127851748524
0.6211127851748524,0.6579453368869725
0.6579453368869725,0.7863846153846153
0.7863846153846153,0.6421279652164333
0.6421279652164333,0.7625252097087739
0.7625252097087739,0.5338258681839964
0.5338258681839964,0.6042290963921569
0.6042290963921569,0.610173075615943
0.610173075615943,0.6910612663933834
0.6910612663933834,0.3877869323915981
0.3877869323915981,0.5893074047024439
0.5893074047024439,0.6725471859692017
0.6725471859692017,0.573776399066312
0.573776399066312,0.5920552774816707
0.5920552774816707,0.9527945219014269
0.9527945219014269,0.499667935504837
0.499667935504837,0.6182051282051283
0.6182051282051283,0.5575086248065128
0.5575086248065128,0.42914716185405394
0.42914716185405394,0.5943315402121606
0.5943315402121606,0.6210614239247768
0.6210614239247768,0.7335
0.7335,0.47986377480375175
0.47986377480375175,0.6972307692307692
0.6972307692307692,0.6625807211164148
0.6625807211164148,0.7065078601759972
0.7065078601759972,0.7900153846153846
0.7900153846153846,0.5823888809891681
0.5823888809891681,0.593851923076923
0.593851923076923,0.7434269465128888
0.7434269465128888,0.5744023940381572
0.5744023940381572,0.6094456088936901
0.6094456088936901,0.521271218880287
0.521271218880287,0.6971669613123687
0.6971669613123687,0.6783649379502547
0.6783649379502547,0.6550238590038383
0.6550238590038383,0.6108412770845915
0.6108412770845915,0.6528096592010166
0.6528096592010166,0.7364654033649631
0.7364654033649631,0.6163017761713576
0.6163017761713576,0.6634038461538462
0.6634038461538462,0.5391011223445339
0.5391011223445339,0.667068782375745
0.667068782375745,0.5746153846153846
0.5746153846153846,0.7230769230769231
0.7230769230769231,0.6036311073997006
0.6036311073997006,0.5721596935168182
0.5721596935168182,0.5263998556533411
