speed0,predictedSpeed
0.4689901104722721,0.042902188076815756
0.042902188076815756,0.5840779298216432
0.5840779298216432,0.6157256721880137
0.6157256721880137,0.5274842848147498
0.5274842848147498,0.5503879671494575
0.5503879671494575,0.5284514436179706
0.5284514436179706,0.44630581517074525
0.44630581517074525,0.6240005338249851
0.6240005338249851,0.4388526410352795
0.4388526410352795,0.5847072677457757
0.5847072677457757,0.5942035064299264
0.5942035064299264,0.6181341613349712
0.6181341613349712,0.5883954697308038
0.5883954697308038,0.6180677903048215
0.6180677903048215,0.5390930866281325
0.5390930866281325,0.49794779255733446
0.49794779255733446,0.5806461538461539
0.5806461538461539,0.5777172805458834
0.5777172805458834,0.6146153846153847
0.6146153846153847,0.5599858706677465
0.5599858706677465,0.6172995504369663
0.6172995504369663,0.46072988355375777
0.46072988355375777,0.6204599621656507
0.6204599621656507,0.5406653846153845
0.5406653846153845,0.5995310848501141
0.5995310848501141,0.5553785622594446
0.5553785622594446,0.5437432599395251
0.5437432599395251,0.6763865961994292
0.6763865961994292,0.6063245884379523
0.6063245884379523,0.7375558535505599
0.7375558535505599,0.6346153846153846
0.6346153846153846,0.615469871532073
0.615469871532073,0.6384615384615384
0.6384615384615384,0.45384615384615384
0.45384615384615384,0.5821513732161373
0.5821513732161373,0.19590410488469998
0.19590410488469998,0.4048683769517914
0.4048683769517914,0.5817724609090387
0.5817724609090387,0.6032851755320042
0.6032851755320042,0.5036077365312361
0.5036077365312361,0.66887583162388
0.66887583162388,0.5293534237205458
0.5293534237205458,0.5187778638595454
0.5187778638595454,0.5455104853245305
0.5455104853245305,0.6072412245904357
0.6072412245904357,0.5583000324975678
0.5583000324975678,0.5449897681352583
0.5449897681352583,0.623177932900479
0.623177932900479,0.7230317788739168
0.7230317788739168,0.6486551448181127
0.6486551448181127,0.5431343420259532
0.5431343420259532,0.5763173654085298
0.5763173654085298,0.478958299992173
0.478958299992173,0.5978514549577182
0.5978514549577182,0.6458558665713966
0.6458558665713966,0.5933380144085788
0.5933380144085788,0.610028709474515
0.610028709474515,0.6334415077652594
0.6334415077652594,0.261679157386145
0.261679157386145,0.678190731296638
