speed0,predictedSpeed
0.6058258418057628,0.31514173569000026
0.31514173569000026,0.5186287913473063
0.5186287913473063,0.3403582303373381
0.3403582303373381,0.6061851643117997
0.6061851643117997,0.6141852555231961
0.6141852555231961,0.5159652608891968
0.5159652608891968,0.48581667598067607
0.48581667598067607,0.5773329834006298
0.5773329834006298,0.5877613963548246
0.5877613963548246,0.6144692164838554
0.6144692164838554,0.5372415937043771
0.5372415937043771,0.629961747283836
0.629961747283836,0.5212830565581892
0.5212830565581892,0.5413849088064364
0.5413849088064364,0.5526433578201311
0.5526433578201311,0.6295548391861304
0.6295548391861304,0.4530255170688789
0.4530255170688789,0.6220403380284382
0.6220403380284382,0.6058766291291194
0.6058766291291194,0.6027893102097112
0.6027893102097112,0.507305414395887
0.507305414395887,0.589500704126429
0.589500704126429,0.5224073944381487
0.5224073944381487,0.5989048516362456
0.5989048516362456,0.5137885331369909
0.5137885331369909,0.5778797503276267
0.5778797503276267,0.5847479220003268
0.5847479220003268,0.5576923076923077
0.5576923076923077,0.5783234783370712
0.5783234783370712,0.49774601739638497
0.49774601739638497,0.7230848523127117
0.7230848523127117,0.4727778801744556
0.4727778801744556,0.5467104432885724
0.5467104432885724,0.5559383312356252
0.5559383312356252,0.6416153846153846
0.6416153846153846,0.6553767472370767
0.6553767472370767,0.6219230769230769
0.6219230769230769,0.6884791684141336
0.6884791684141336,0.5968816204892029
0.5968816204892029,0.6645273674863663
0.6645273674863663,0.5497830639823611
0.5497830639823611,0.6837062916854343
0.6837062916854343,0.5972875460120843
0.5972875460120843,0.584253125157001
0.584253125157001,0.5104563576947609
0.5104563576947609,0.5744001217957213
0.5744001217957213,0.4921053779104022
0.4921053779104022,0.43274404795906446
0.43274404795906446,0.6756340957554801
0.6756340957554801,0.6311601759478709
0.6311601759478709,0.6251083297608013
0.6251083297608013,0.6216644679270165
0.6216644679270165,0.5235976157673287
0.5235976157673287,0.45326105745683015
0.45326105745683015,0.5068616721338212
0.5068616721338212,0.6174197728983883
0.6174197728983883,0.5240400404955926
0.5240400404955926,0.4373749489237629
0.4373749489237629,0.3980532579531443
0.3980532579531443,0.6193342236180877
