speed0,predictedSpeed
0.5142387860696237,0.7131337765256244
0.7131337765256244,0.35716488087591247
0.35716488087591247,0.5733914877465047
0.5733914877465047,0.4860041218356404
0.4860041218356404,0.5819166637821216
0.5819166637821216,0.627529409797235
0.627529409797235,0.5411390908275476
0.5411390908275476,0.6144560071027239
0.6144560071027239,0.6
0.6,0.5604065534152143
0.5604065534152143,0.5163509305422367
0.5163509305422367,0.5718454894202448
0.5718454894202448,0.5970633365900997
0.5970633365900997,0.8003475343372123
0.8003475343372123,0.5179487179487179
0.5179487179487179,0.5970884615384615
0.5970884615384615,0.5949986009473472
0.5949986009473472,0.5082824423620567
0.5082824423620567,0.1919814165769592
0.1919814165769592,0.6490569215117701
0.6490569215117701,0.5985713463551712
0.5985713463551712,0.26522325898001603
0.26522325898001603,0.5679376870507676
0.5679376870507676,0.36618932054137276
0.36618932054137276,0.6173444734268966
0.6173444734268966,0.5832366880572999
0.5832366880572999,0.5991775101367159
0.5991775101367159,0.6602615384615385
0.6602615384615385,0.6319230769230769
0.6319230769230769,0.4759364774037322
0.4759364774037322,0.5335634863321337
0.5335634863321337,0.6596744133497785
0.6596744133497785,0.5040942281080499
0.5040942281080499,0.739326988734384
0.739326988734384,0.5963598212730403
0.5963598212730403,0.5211652542962613
0.5211652542962613,0.5511879363051149
0.5511879363051149,0.6081807160749071
0.6081807160749071,0.5208244157847999
0.5208244157847999,0.38915607364330546
0.38915607364330546,0.6754221931114693
0.6754221931114693,0.5760903432126886
0.5760903432126886,0.6997622509233244
0.6997622509233244,0.6348853830163442
0.6348853830163442,0.507907338481966
0.507907338481966,0.4466366574008088
0.4466366574008088,0.5230769230769231
0.5230769230769231,0.5136021036669867
0.5136021036669867,0.6875512003710148
0.6875512003710148,0.5508931441415894
0.5508931441415894,0.3801404033369706
0.3801404033369706,0.5143582701161038
0.5143582701161038,0.5380010171494167
0.5380010171494167,0.6535073653816295
0.6535073653816295,0.6847082974393818
0.6847082974393818,0.6584723583059516
0.6584723583059516,0.6470147378077188
0.6470147378077188,0.7612970609595131
0.7612970609595131,0.3277830528971138
0.3277830528971138,0.47876373283280316
