speed0,predictedSpeed
0.296189440834311,0.641383516007277
0.641383516007277,0.5424846777020894
0.5424846777020894,0.5211815417199054
0.5211815417199054,0.5928226181443191
0.5928226181443191,0.5568829858892164
0.5568829858892164,0.5824792632438504
0.5824792632438504,0.4980960935811915
0.4980960935811915,0.4474274422760583
0.4474274422760583,0.5378997728626197
0.5378997728626197,0.5165169388475966
0.5165169388475966,0.5722218201168027
0.5722218201168027,0.5690847606960021
0.5690847606960021,0.63137254769299
0.63137254769299,0.5170479940628482
0.5170479940628482,0.5519890815096817
0.5519890815096817,0.6058700786326416
0.6058700786326416,0.6197673774864815
0.6197673774864815,0.6246672203433373
0.6246672203433373,0.5289230769230769
0.5289230769230769,0.49240256410256406
0.49240256410256406,0.3016019463577486
0.3016019463577486,0.376510324854279
0.376510324854279,0.4618427849160642
0.4618427849160642,0.33796496718628233
0.33796496718628233,0.5419840173917924
0.5419840173917924,0.606458152577594
0.606458152577594,0.6279669355793414
0.6279669355793414,0.6375543346949121
0.6375543346949121,0.3403677222484079
0.3403677222484079,0.40618531659133406
0.40618531659133406,0.25298423815851273
0.25298423815851273,0.586767544535127
0.586767544535127,0.624387925185401
0.624387925185401,0.5662257988147099
0.5662257988147099,0.5591752678874566
0.5591752678874566,0.5884260897508807
0.5884260897508807,0.5543697852322248
0.5543697852322248,0.4849350713426882
0.4849350713426882,0.43480219676641435
0.43480219676641435,0.5943072065222004
0.5943072065222004,0.7101458665494624
0.7101458665494624,0.619109865430196
0.619109865430196,0.621503942462173
0.621503942462173,0.7074769230769231
0.7074769230769231,0.6004526099862145
0.6004526099862145,0.4728204816919841
0.4728204816919841,0.5244857116473337
0.5244857116473337,0.6354604495519899
0.6354604495519899,0.42386495453917084
0.42386495453917084,0.5393162399507982
0.5393162399507982,0.5504416946496732
0.5504416946496732,0.2785813551682692
0.2785813551682692,0.5569149944731296
0.5569149944731296,0.3153846153846154
0.3153846153846154,0.5125496807886967
0.5125496807886967,0.47227590624551474
0.47227590624551474,0.6618615384615385
0.6618615384615385,0.588513596082548
0.588513596082548,0.676923076923077
0.676923076923077,0.7205975577673924
