speed0,predictedSpeed
0.5824548665817346,0.6669600186439993
0.6669600186439993,0.5495240855577123
0.5495240855577123,0.4234041395047681
0.4234041395047681,0.5301781231796608
0.5301781231796608,0.6168934329616117
0.6168934329616117,0.5642090966438893
0.5642090966438893,0.5558557810512285
0.5558557810512285,0.6100438202159216
0.6100438202159216,0.5586192704344127
0.5586192704344127,0.5945878634761502
0.5945878634761502,0.5546018981111277
0.5546018981111277,0.6102072873133254
0.6102072873133254,0.544646299162089
0.544646299162089,0.47692307692307695
0.47692307692307695,0.6515806929459601
0.6515806929459601,0.5686832187623655
0.5686832187623655,0.4584760127179291
0.4584760127179291,0.5525497581235521
0.5525497581235521,0.6803105318579737
0.6803105318579737,0.7115384615384616
0.7115384615384616,0.5212491437630282
0.5212491437630282,0.5203713530985196
0.5203713530985196,0.6755820512820514
0.6755820512820514,0.7315384615384616
0.7315384615384616,0.6623287606679921
0.6623287606679921,0.6615384615384615
0.6615384615384615,0.7447880605810365
0.7447880605810365,0.6991979836950203
0.6991979836950203,0.5412330890705429
0.5412330890705429,0.6564534400695263
0.6564534400695263,0.5817798131773687
0.5817798131773687,0.34147770301404523
0.34147770301404523,0.6635461538461538
0.6635461538461538,0.531264112038185
0.531264112038185,0.6270082060186286
0.6270082060186286,0.43849057870214303
0.43849057870214303,0.46635886952844563
0.46635886952844563,0.5729762473962863
0.5729762473962863,0.7097547541268346
0.7097547541268346,0.5653090816018901
0.5653090816018901,0.636426884201329
0.636426884201329,0.5515243864016023
0.5515243864016023,0.5720859677212012
0.5720859677212012,0.5652073133001415
0.5652073133001415,0.6644202258162791
0.6644202258162791,0.6309441154686269
0.6309441154686269,0.6360758838940687
0.6360758838940687,0.5415676233331967
0.5415676233331967,0.6011368650690492
0.6011368650690492,0.4978265031879195
0.4978265031879195,0.42454699752307323
0.42454699752307323,0.6202974358974359
0.6202974358974359,0.5521620136952601
0.5521620136952601,0.5578996192138173
0.5578996192138173,0.5125897524188042
0.5125897524188042,0.564939668070262
0.564939668070262,0.625275535966763
0.625275535966763,0.47870746325202423
0.47870746325202423,0.47611133116510235
0.47611133116510235,0.5979642842536751
