speed0,predictedSpeed
0.48813964932981735,0.6424431178402137
0.6424431178402137,0.3912976446763155
0.3912976446763155,0.7359315747915649
0.7359315747915649,0.5832028303854342
0.5832028303854342,0.4623525623788804
0.4623525623788804,0.6332867268869833
0.6332867268869833,0.4584684546456623
0.4584684546456623,0.6287390101312778
0.6287390101312778,0.5558867045296335
0.5558867045296335,0.6291688033583783
0.6291688033583783,0.5976923076923077
0.5976923076923077,0.6468879644404808
0.6468879644404808,0.62878090157137
0.62878090157137,0.491437716954499
0.491437716954499,0.6554845642695085
0.6554845642695085,0.6806342029009171
0.6806342029009171,0.6418910458317003
0.6418910458317003,0.5994807692307693
0.5994807692307693,0.6368010800509737
0.6368010800509737,0.6027416027101657
0.6027416027101657,0.6664108993851396
0.6664108993851396,0.631223390903089
0.631223390903089,0.6387856340180642
0.6387856340180642,0.6580914916084787
0.6580914916084787,0.5349809665738635
0.5349809665738635,0.6051086345158266
0.6051086345158266,0.7553061902765758
0.7553061902765758,0.6153846153846154
0.6153846153846154,0.5655716151543665
0.5655716151543665,0.6177524707597954
0.6177524707597954,0.5572871025606768
0.5572871025606768,0.5576758895548857
0.5576758895548857,0.6620437889903433
0.6620437889903433,0.46591363590988316
0.46591363590988316,0.6630514087284985
0.6630514087284985,0.551285336850604
0.551285336850604,0.5240089115704509
0.5240089115704509,0.5141933594186958
0.5141933594186958,0.6915323076923077
0.6915323076923077,0.5000377879090172
0.5000377879090172,0.4949545440304849
0.4949545440304849,0.5540049056025605
0.5540049056025605,0.5566538461538463
0.5566538461538463,0.4154460392292093
0.4154460392292093,0.5488716818961741
0.5488716818961741,0.5304981182161989
0.5304981182161989,0.7042307692307692
0.7042307692307692,0.6070230655605887
0.6070230655605887,0.5784082726060872
0.5784082726060872,0.6070329720621906
0.6070329720621906,0.5053281191082839
0.5053281191082839,0.330769399111338
0.330769399111338,0.17531075181227465
0.17531075181227465,0.6290337880524094
0.6290337880524094,0.5851923076923077
0.5851923076923077,0.5774414244453746
0.5774414244453746,0.6072945219546667
0.6072945219546667,0.5275904391425081
0.5275904391425081,0.20726025818006236
0.20726025818006236,0.5505637442198
