speed0,predictedSpeed
0.6946078757026116,0.583261744497064
0.583261744497064,0.673934692051847
0.673934692051847,0.546609379052615
0.546609379052615,0.6661538461538461
0.6661538461538461,0.6179024690822049
0.6179024690822049,0.5446729212786265
0.5446729212786265,0.5703417862417297
0.5703417862417297,0.5491996955758924
0.5491996955758924,0.5410515116278717
0.5410515116278717,0.6362693066963294
0.6362693066963294,0.6353738936125978
0.6353738936125978,0.5326594659648565
0.5326594659648565,0.5908636003209239
0.5908636003209239,0.5540937539991039
0.5540937539991039,0.6435053881841689
0.6435053881841689,0.5700747446398691
0.5700747446398691,0.5574311126773422
0.5574311126773422,0.5851240204701772
0.5851240204701772,0.5543285638051949
0.5543285638051949,0.5968111533557956
0.5968111533557956,0.7557692307692307
0.7557692307692307,0.535872628529545
0.535872628529545,0.6837523193132756
0.6837523193132756,0.6767947321039542
0.6767947321039542,0.5692307692307692
0.5692307692307692,0.5952459168983308
0.5952459168983308,0.2550307692307693
0.2550307692307693,0.6641153846153847
0.6641153846153847,0.6531060601400345
0.6531060601400345,0.6811538461538461
0.6811538461538461,0.5076948895434703
0.5076948895434703,0.5384715662617817
0.5384715662617817,0.6084942721612134
0.6084942721612134,0.5846153846153846
0.5846153846153846,0.4167743337321713
0.4167743337321713,0.6974647941559419
0.6974647941559419,0.7396710860081699
0.7396710860081699,0.5175413225041637
0.5175413225041637,0.6498133779614311
0.6498133779614311,0.5207653053240835
0.5207653053240835,0.6845890846013908
0.6845890846013908,0.7566276540749605
0.7566276540749605,0.5141355520320592
0.5141355520320592,0.6353183522195202
0.6353183522195202,0.6022525006039752
0.6022525006039752,0.5682438303802052
0.5682438303802052,0.6290769230769231
0.6290769230769231,0.5405598647222662
0.5405598647222662,0.7720908186325046
0.7720908186325046,0.6489743589743591
0.6489743589743591,0.8498123952380146
0.8498123952380146,0.6492038461538462
0.6492038461538462,0.5668765493539664
0.5668765493539664,0.5945594265854833
0.5945594265854833,0.496940667985679
0.496940667985679,0.5447109488096199
0.5447109488096199,0.38076044177181634
0.38076044177181634,0.7331788499109787
0.7331788499109787,0.7230769230769231
0.7230769230769231,0.6650031011430946
