speed0,predictedSpeed
0.46327342392022114,0.5896004929635331
0.5896004929635331,0.38684615384615384
0.38684615384615384,0.6659615384615385
0.6659615384615385,0.6719516868530723
0.6719516868530723,0.6087357130492779
0.6087357130492779,0.7713846153846154
0.7713846153846154,0.6216579939288008
0.6216579939288008,0.6493098005548071
0.6493098005548071,0.6384615384615384
0.6384615384615384,0.6100973914255342
0.6100973914255342,0.46445427750895696
0.46445427750895696,0.6107334441701749
0.6107334441701749,0.528307697158185
0.528307697158185,0.4874620675206959
0.4874620675206959,0.6420174103039701
0.6420174103039701,0.48614384183134907
0.48614384183134907,0.7159666781225305
0.7159666781225305,0.686249334145343
0.686249334145343,0.653959837984564
0.653959837984564,0.536335331385106
0.536335331385106,0.5385182551787336
0.5385182551787336,0.5293045168342294
0.5293045168342294,0.5551914819055828
0.5551914819055828,0.41851866382048486
0.41851866382048486,0.6444225645816267
0.6444225645816267,0.5845017572033488
0.5845017572033488,0.5332126258050309
0.5332126258050309,0.636128097815163
0.636128097815163,0.6511538461538462
0.6511538461538462,0.769423076923077
0.769423076923077,0.7164040256463009
0.7164040256463009,0.6094064102564103
0.6094064102564103,0.4682412502280104
0.4682412502280104,0.7167947409312997
0.7167947409312997,0.6598076923076923
0.6598076923076923,0.5262703791734761
0.5262703791734761,0.7005914547998013
0.7005914547998013,0.6134751778473807
0.6134751778473807,0.5510469433247194
0.5510469433247194,0.4903188357728519
0.4903188357728519,0.5561692307692307
0.5561692307692307,0.5866402633966479
0.5866402633966479,0.5372716144433691
0.5372716144433691,0.7264929927758362
0.7264929927758362,0.48364615384615384
0.48364615384615384,0.6096930203123251
0.6096930203123251,0.600122296791277
0.600122296791277,0.6001803081105201
0.6001803081105201,0.60925873144248
0.60925873144248,0.6153846153846154
0.6153846153846154,0.6114108706764189
0.6114108706764189,0.5953596144975551
0.5953596144975551,0.634825641025641
0.634825641025641,0.5662141890272686
0.5662141890272686,0.5855523136389839
0.5855523136389839,0.5834029223716095
0.5834029223716095,0.5420973685984252
0.5420973685984252,0.7021543771399864
0.7021543771399864,0.2799601405935939
0.2799601405935939,0.4803249111944837
