speed0,predictedSpeed
0.6087844329584371,0.5073108502219544
0.5073108502219544,0.578790055918325
0.578790055918325,0.4175867587480769
0.4175867587480769,0.4683045067800178
0.4683045067800178,0.2695596418183157
0.2695596418183157,0.5627662792227467
0.5627662792227467,0.6464423076923077
0.6464423076923077,0.6260716852420575
0.6260716852420575,0.6089390562709724
0.6089390562709724,0.5289956851868026
0.5289956851868026,0.6228143680544396
0.6228143680544396,0.5943769368907761
0.5943769368907761,0.6374522137046842
0.6374522137046842,0.5793245262344265
0.5793245262344265,0.499467249408081
0.499467249408081,0.5445876010033134
0.5445876010033134,0.6911104430900591
0.6911104430900591,0.6263104142064257
0.6263104142064257,0.564075603782425
0.564075603782425,0.5641038361279377
0.5641038361279377,0.7313330463036981
0.7313330463036981,0.6171243907457155
0.6171243907457155,0.6031279779713047
0.6031279779713047,0.6570609466101407
0.6570609466101407,0.6407564935653081
0.6407564935653081,0.5170223656826889
0.5170223656826889,0.5810392380863932
0.5810392380863932,0.6181238788294986
0.6181238788294986,0.7811884592697763
0.7811884592697763,0.6789287002356039
0.6789287002356039,0.43670817490081265
0.43670817490081265,0.6392308960326025
0.6392308960326025,0.7172297435698498
0.7172297435698498,0.7013401885884449
0.7013401885884449,0.6930179132807074
0.6930179132807074,0.5123230186104534
0.5123230186104534,0.6540317998881682
0.6540317998881682,0.3966660843022107
0.3966660843022107,0.5745368080928538
0.5745368080928538,0.5552217194702098
0.5552217194702098,0.5761911987570404
0.5761911987570404,0.6612681611635406
0.6612681611635406,0.7195819276140515
0.7195819276140515,0.5280395875418269
0.5280395875418269,0.6230199993712565
0.6230199993712565,0.617920019367097
0.617920019367097,0.6046132204039306
0.6046132204039306,0.5439686701847957
0.5439686701847957,0.6347358725312197
0.6347358725312197,0.5277335951375192
0.5277335951375192,0.5658340447432811
0.5658340447432811,0.6994234909069219
0.6994234909069219,0.517837713043193
0.517837713043193,0.5012776699713559
0.5012776699713559,0.5047433045588728
0.5047433045588728,0.6232019706961324
0.6232019706961324,0.5888944145748457
0.5888944145748457,0.6397935070012998
0.6397935070012998,0.7533168502841019
0.7533168502841019,0.6282925636683422
