speed0,predictedSpeed
0.4424479022608887,0.5374519561634031
0.5374519561634031,0.5403675842605363
0.5403675842605363,0.4901917879945246
0.4901917879945246,0.6462745207974827
0.6462745207974827,0.5257046668673226
0.5257046668673226,0.5132071477113023
0.5132071477113023,0.5594574382292019
0.5594574382292019,0.4101871794871795
0.4101871794871795,0.6156664663921441
0.6156664663921441,0.41297986554755794
0.41297986554755794,0.3010894451822016
0.3010894451822016,0.21995488543659525
0.21995488543659525,0.2824798157544613
0.2824798157544613,0.4226016685995994
0.4226016685995994,0.38576755392184076
0.38576755392184076,0.48878121904404875
0.48878121904404875,0.46149576936560355
0.46149576936560355,0.524336397788393
0.524336397788393,0.6845948717948718
0.6845948717948718,0.5541866952332432
0.5541866952332432,0.5733047351038493
0.5733047351038493,0.5741153846153846
0.5741153846153846,0.5237775510441284
0.5237775510441284,0.4348282442576062
0.4348282442576062,0.5339743589743589
0.5339743589743589,0.656507796283715
0.656507796283715,0.5578446548746806
0.5578446548746806,0.6675884025947519
0.6675884025947519,0.5235218238187818
0.5235218238187818,0.5705924759235083
0.5705924759235083,0.6758590864760408
0.6758590864760408,0.36982079744454416
0.36982079744454416,0.6311814320056005
0.6311814320056005,0.5794355541737256
0.5794355541737256,0.625435532293586
0.625435532293586,0.6024628872868795
0.6024628872868795,0.5988103613178949
0.5988103613178949,0.6104807421140398
0.6104807421140398,0.6595561914841439
0.6595561914841439,0.3319266494870575
0.3319266494870575,0.6363158332565785
0.6363158332565785,0.5740843609483909
0.5740843609483909,0.6178634573881455
0.6178634573881455,0.6799803106142266
0.6799803106142266,0.5536381855499888
0.5536381855499888,0.5655360276108573
0.5655360276108573,0.615183745470516
0.615183745470516,0.479385636716976
0.479385636716976,0.42307324419764136
0.42307324419764136,0.5434987894912181
0.5434987894912181,0.2995595070373968
0.2995595070373968,0.6012763784618841
0.6012763784618841,0.5634307692307693
0.5634307692307693,0.5978076923076924
0.5978076923076924,0.4425516647408733
0.4425516647408733,0.4467062536780624
0.4467062536780624,0.16525045541616587
0.16525045541616587,0.6569796664121611
0.6569796664121611,0.1050907765952623
0.1050907765952623,0.573356257062578
