speed0,predictedSpeed
0.7368903188678515,0.5538461538461539
0.5538461538461539,0.3294762255609298
0.3294762255609298,0.6206175970382563
0.6206175970382563,0.49305268718599937
0.49305268718599937,0.7158971804987934
0.7158971804987934,0.5113804120734341
0.5113804120734341,0.676923076923077
0.676923076923077,0.6043799634222391
0.6043799634222391,0.6365337650295517
0.6365337650295517,0.6097356902780787
0.6097356902780787,0.5742266207264858
0.5742266207264858,0.5634877270353437
0.5634877270353437,0.6372312982419257
0.6372312982419257,0.6690175432373444
0.6690175432373444,0.5607140731605632
0.5607140731605632,0.4428233933641089
0.4428233933641089,0.5479080710291095
0.5479080710291095,0.6237873121471662
0.6237873121471662,0.49856185086942356
0.49856185086942356,0.6441397754341424
0.6441397754341424,0.7719412975834821
0.7719412975834821,0.746636246086868
0.746636246086868,0.23741042673810342
0.23741042673810342,0.5306669601611566
0.5306669601611566,0.5572650051903699
0.5572650051903699,0.5977474726563274
0.5977474726563274,0.676923076923077
0.676923076923077,0.20261148962996392
0.20261148962996392,0.19268418973440274
0.19268418973440274,0.4715397721026525
0.4715397721026525,0.5735161202059424
0.5735161202059424,0.5275587290228414
0.5275587290228414,0.7066913557205812
0.7066913557205812,0.47615158314157097
0.47615158314157097,0.6030971266202991
0.6030971266202991,0.5751322834962094
0.5751322834962094,0.5321256820815874
0.5321256820815874,0.4218998961446165
0.4218998961446165,0.6869270396776137
0.6869270396776137,0.41096153846153843
0.41096153846153843,0.577297846248037
0.577297846248037,0.32583265933337596
0.32583265933337596,0.6863375705845864
0.6863375705845864,0.5314400917307545
0.5314400917307545,0.45897702126865064
0.45897702126865064,0.2684607110336789
0.2684607110336789,0.5086223536015222
0.5086223536015222,0.3559813712569378
0.3559813712569378,0.7120770620622289
0.7120770620622289,0.6715384615384616
0.6715384615384616,0.40796106126129267
0.40796106126129267,0.5613764885901916
0.5613764885901916,0.6453244719195342
0.6453244719195342,0.6508462603633981
0.6508462603633981,0.5942823426707011
0.5942823426707011,0.741803267251878
0.741803267251878,0.8010880146026979
0.8010880146026979,0.7138461538461538
0.7138461538461538,0.5661913497398228
0.5661913497398228,0.8014794871794871
