speed0,predictedSpeed
0.4446103764646688,0.6168022343361178
0.6168022343361178,0.3299226320524135
0.3299226320524135,0.5593879936346643
0.5593879936346643,0.5364659236559466
0.5364659236559466,0.5186617595813875
0.5186617595813875,0.6215848591592047
0.6215848591592047,0.4565292569819089
0.4565292569819089,0.5537826254798177
0.5537826254798177,0.6074146924946126
0.6074146924946126,0.6487465954547567
0.6487465954547567,0.627144412509788
0.627144412509788,0.6505446139391132
0.6505446139391132,0.602099757890424
0.602099757890424,0.5650296769358345
0.5650296769358345,0.7154228816198469
0.7154228816198469,0.590934670856037
0.590934670856037,0.6100003342252625
0.6100003342252625,0.5293582295700057
0.5293582295700057,0.5780566858914034
0.5780566858914034,0.7711812642575113
0.7711812642575113,0.5672711538461538
0.5672711538461538,0.6044219130663784
0.6044219130663784,0.48633137410340055
0.48633137410340055,0.6008993736065922
0.6008993736065922,0.5760968696286807
0.5760968696286807,0.5960987195773939
0.5960987195773939,0.45817222464104945
0.45817222464104945,0.5878775412088192
0.5878775412088192,0.522610288169472
0.522610288169472,0.6209168524324276
0.6209168524324276,0.48992072279962295
0.48992072279962295,0.5515578667597052
0.5515578667597052,0.6947274414696568
0.6947274414696568,0.6723007845944722
0.6723007845944722,0.5825313987715453
0.5825313987715453,0.5433939923746195
0.5433939923746195,0.3945491268696242
0.3945491268696242,0.8314760146173131
0.8314760146173131,0.5505299083817863
0.5505299083817863,0.5535062634675529
0.5535062634675529,0.541041313044028
0.541041313044028,0.5616776809627613
0.5616776809627613,0.5491314697646378
0.5491314697646378,0.5070785860852809
0.5070785860852809,0.44565264679727645
0.44565264679727645,0.7001668323593376
0.7001668323593376,0.6480515444295594
0.6480515444295594,0.5650658257498029
0.5650658257498029,0.6085900981734685
0.6085900981734685,0.4341503595483362
0.4341503595483362,0.6728125834305901
0.6728125834305901,0.583856679554931
0.583856679554931,0.6226650993535804
0.6226650993535804,0.5382976872709934
0.5382976872709934,0.5414906328587229
0.5414906328587229,0.5947949775330345
0.5947949775330345,0.4267307536890579
0.4267307536890579,0.3476266101259176
0.3476266101259176,0.6582602307409539
0.6582602307409539,0.3432388823724303
