speed0,predictedSpeed
0.3028414799616887,0.5623861683535797
0.5623861683535797,0.4740042677269732
0.4740042677269732,0.5738054549136872
0.5738054549136872,0.6578578271068168
0.6578578271068168,0.4217208820911829
0.4217208820911829,0.655745478239524
0.655745478239524,0.48467299412577414
0.48467299412577414,0.5023271759189387
0.5023271759189387,0.4276631116309916
0.4276631116309916,0.4714378410557562
0.4714378410557562,0.6666812469650771
0.6666812469650771,0.5540674027172144
0.5540674027172144,0.6028425332943108
0.6028425332943108,0.5799510761205159
0.5799510761205159,0.5521766149609386
0.5521766149609386,0.5709802692496919
0.5709802692496919,0.5756311254025722
0.5756311254025722,0.5708517966738318
0.5708517966738318,0.6612846153846154
0.6612846153846154,0.6651642125217222
0.6651642125217222,0.6330395650197875
0.6330395650197875,0.6374873285737037
0.6374873285737037,0.5634027035622857
0.5634027035622857,0.5718189968888278
0.5718189968888278,0.6633923076923077
0.6633923076923077,0.6917679079639477
0.6917679079639477,0.6676814709863219
0.6676814709863219,0.6795345068111811
0.6795345068111811,0.5271105700969753
0.5271105700969753,0.5666202706334159
0.5666202706334159,0.6357530650478517
0.6357530650478517,0.45923061636111445
0.45923061636111445,0.5408760270409475
0.5408760270409475,0.6188344651768218
0.6188344651768218,0.5356613789778071
0.5356613789778071,0.6425856569315673
0.6425856569315673,0.6238813872266213
0.6238813872266213,0.5947531736254558
0.5947531736254558,0.6937689273127496
0.6937689273127496,0.5681641950155658
0.5681641950155658,0.4640845816551768
0.4640845816551768,0.5653626911365446
0.5653626911365446,0.7538461538461538
0.7538461538461538,0.6054407035227031
0.6054407035227031,0.6910482471337159
0.6910482471337159,0.5385537359415904
0.5385537359415904,0.44633125193791
0.44633125193791,0.6175723988856829
0.6175723988856829,0.6835580328523736
0.6835580328523736,0.5770548371795957
0.5770548371795957,0.5604796567907886
0.5604796567907886,0.49081153725820187
0.49081153725820187,0.5822869592352843
0.5822869592352843,0.5995352055862303
0.5995352055862303,0.6902307692307693
0.6902307692307693,0.6216073939935014
0.6216073939935014,0.5917442841779478
0.5917442841779478,0.5276011970180651
0.5276011970180651,0.6364100542194769
0.6364100542194769,0.6191934713597115
