speed0,predictedSpeed
0.48270167860546165,0.6553629378477853
0.6553629378477853,0.6930798025122097
0.6930798025122097,0.4244033011854946
0.4244033011854946,0.6276437903058206
0.6276437903058206,0.6260812917827746
0.6260812917827746,0.6213422094751728
0.6213422094751728,0.47695932177695627
0.47695932177695627,0.5752926957298233
0.5752926957298233,0.5946233031731969
0.5946233031731969,0.6880731301239581
0.6880731301239581,0.6153289379017303
0.6153289379017303,0.6296804020729301
0.6296804020729301,0.6525781433871832
0.6525781433871832,0.35891873603568136
0.35891873603568136,0.5204148690433236
0.5204148690433236,0.5965516826868777
0.5965516826868777,0.5384643053913675
0.5384643053913675,0.6412673660954988
0.6412673660954988,0.6105021561998054
0.6105021561998054,0.5856096021582771
0.5856096021582771,0.5626391901007233
0.5626391901007233,0.6395444976044703
0.6395444976044703,0.7532332543964536
0.7532332543964536,0.7113521844459139
0.7113521844459139,0.5997635350732786
0.5997635350732786,0.5082622250569176
0.5082622250569176,0.5771776196770457
0.5771776196770457,0.6358177333312833
0.6358177333312833,0.45312331276688883
0.45312331276688883,0.7296817881951523
0.7296817881951523,0.7350172623710062
0.7350172623710062,0.5885134826353066
0.5885134826353066,0.7398595644579958
0.7398595644579958,0.5708843306411384
0.5708843306411384,0.5833283930565004
0.5833283930565004,0.655823076923077
0.655823076923077,0.5673655039757362
0.5673655039757362,0.43163643531366297
0.43163643531366297,0.5196533103953908
0.5196533103953908,0.5151932811771379
0.5151932811771379,0.5429470371672421
0.5429470371672421,0.6595828171592488
0.6595828171592488,0.5653015012136601
0.5653015012136601,0.6851308556004341
0.6851308556004341,0.585179270429471
0.585179270429471,0.5894566390794461
0.5894566390794461,0.5699477865361983
0.5699477865361983,0.5810819955331523
0.5810819955331523,0.5819183987691507
0.5819183987691507,0.6283124183035484
0.6283124183035484,0.5947027424795726
0.5947027424795726,0.6206370513518646
0.6206370513518646,0.5676266361608916
0.5676266361608916,0.42673667393393055
0.42673667393393055,0.468413594974487
0.468413594974487,0.5034913943760737
0.5034913943760737,0.6010313492228411
0.6010313492228411,0.5854730655330338
0.5854730655330338,0.5581251099252776
0.5581251099252776,0.6723294036922782
