speed0,predictedSpeed
0.4855575356491637,0.523427604578716
0.523427604578716,0.5595153391483301
0.5595153391483301,0.5472269612278511
0.5472269612278511,0.6077569232935929
0.6077569232935929,0.6382192301987994
0.6382192301987994,0.5814058037697595
0.5814058037697595,0.4923916941588224
0.4923916941588224,0.4231404849088569
0.4231404849088569,0.6677744354131009
0.6677744354131009,0.5516901326313763
0.5516901326313763,0.6510121713823259
0.6510121713823259,0.5747692307692308
0.5747692307692308,0.6576923076923077
0.6576923076923077,0.6014123702706022
0.6014123702706022,0.47654030032684735
0.47654030032684735,0.5956908567184268
0.5956908567184268,0.5937591966331649
0.5937591966331649,0.5746507090039181
0.5746507090039181,0.5733812190696763
0.5733812190696763,0.5637104810713325
0.5637104810713325,0.6883943778695768
0.6883943778695768,0.3338329784182721
0.3338329784182721,0.60621932623606
0.60621932623606,0.523330808589235
0.523330808589235,0.7018664495930548
0.7018664495930548,0.5283308133676329
0.5283308133676329,0.514666483274269
0.514666483274269,0.5806000934730967
0.5806000934730967,0.6438390890281777
0.6438390890281777,0.6802341343662965
0.6802341343662965,0.5710033413807627
0.5710033413807627,0.5721328102209517
0.5721328102209517,0.5722670137628448
0.5722670137628448,0.5604920660477204
0.5604920660477204,0.5928537845430198
0.5928537845430198,0.6308384615384616
0.6308384615384616,0.5165907722145289
0.5165907722145289,0.5533005982797202
0.5533005982797202,0.5463720026327472
0.5463720026327472,0.49683661986216937
0.49683661986216937,0.6043519291135921
0.6043519291135921,0.4644499569040434
0.4644499569040434,0.41550186627869623
0.41550186627869623,0.22068384525677404
0.22068384525677404,0.49829172829003354
0.49829172829003354,0.4807692307692308
0.4807692307692308,0.5214366984807192
0.5214366984807192,0.5132307692307693
0.5132307692307693,0.6878789118809328
0.6878789118809328,0.6803162679715186
0.6803162679715186,0.6171452022998797
0.6171452022998797,0.48642416796727533
0.48642416796727533,0.635167320645938
0.635167320645938,0.40856069752902163
0.40856069752902163,0.5536096899120766
0.5536096899120766,0.30398802523633006
0.30398802523633006,0.5252932276180652
0.5252932276180652,0.6848454038866622
0.6848454038866622,0.18428209738238124
0.18428209738238124,0.15611336803164433
