speed0,predictedSpeed
0.5031290896897885,0.5127838712363234
0.5127838712363234,0.5671011521510738
0.5671011521510738,0.4619208435035631
0.4619208435035631,0.4571718073982187
0.4571718073982187,0.623516374668869
0.623516374668869,0.5215959119354648
0.5215959119354648,0.5057450195598665
0.5057450195598665,0.6125424724693899
0.6125424724693899,0.4763012433979916
0.4763012433979916,0.5939302468980613
0.5939302468980613,0.4760537300399982
0.4760537300399982,0.657895230206579
0.657895230206579,0.486640922992917
0.486640922992917,0.6242410498412249
0.6242410498412249,0.6965171349019302
0.6965171349019302,0.5173922827517757
0.5173922827517757,0.5676081132119538
0.5676081132119538,0.6330306083437047
0.6330306083437047,0.6306615384615384
0.6306615384615384,0.3076823496869215
0.3076823496869215,0.6215112130950208
0.6215112130950208,0.5288640632998896
0.5288640632998896,0.5620172786679782
0.5620172786679782,0.4957848794551739
0.4957848794551739,0.614060478226312
0.614060478226312,0.6669693694749342
0.6669693694749342,0.5384048851129033
0.5384048851129033,0.6213008973025219
0.6213008973025219,0.356277748564442
0.356277748564442,0.6221447480613163
0.6221447480613163,0.596131774661056
0.596131774661056,0.4970583119557734
0.4970583119557734,0.6585370572945393
0.6585370572945393,0.630591391347304
0.630591391347304,0.5381423741855996
0.5381423741855996,0.8321076923076922
0.8321076923076922,0.6656177851527699
0.6656177851527699,0.6195432946071454
0.6195432946071454,0.7313427365767828
0.7313427365767828,0.40733878326720846
0.40733878326720846,0.6853759772395213
0.6853759772395213,0.5556486292898718
0.5556486292898718,0.48257686559640867
0.48257686559640867,0.5918699053022934
0.5918699053022934,0.6198026883137799
0.6198026883137799,0.6569383405901317
0.6569383405901317,0.5911499323608657
0.5911499323608657,0.5583842882115839
0.5583842882115839,0.5962226261002297
0.5962226261002297,0.6296847785185186
0.6296847785185186,0.5914481885459824
0.5914481885459824,0.5302800158093289
0.5302800158093289,0.5691362462821443
0.5691362462821443,0.5992224953321741
0.5992224953321741,0.43155896925515674
0.43155896925515674,0.28748163109301045
0.28748163109301045,0.0033892118013822115
0.0033892118013822115,0.44092913427439556
0.44092913427439556,0.5008485718907425
0.5008485718907425,0.4361562221171962
