speed0,predictedSpeed
0.4289999477951607,0.5648144791206189
0.5648144791206189,0.6758393183655117
0.6758393183655117,0.5447642100626385
0.5447642100626385,0.6885450585564581
0.6885450585564581,0.6863896351537825
0.6863896351537825,0.5681337480303406
0.5681337480303406,0.5768843586381105
0.5768843586381105,0.6548287910962078
0.6548287910962078,0.6899257511078883
0.6899257511078883,0.5165401861047015
0.5165401861047015,0.6907291172415437
0.6907291172415437,0.42850309757556154
0.42850309757556154,0.47273397973466136
0.47273397973466136,0.37141795795915705
0.37141795795915705,0.3381319329208202
0.3381319329208202,0.3751625697692784
0.3751625697692784,0.699570743162111
0.699570743162111,0.44636934525264216
0.44636934525264216,0.5628560414831711
0.5628560414831711,0.6375357399095569
0.6375357399095569,0.5773984119872972
0.5773984119872972,0.6674487933535158
0.6674487933535158,0.5021511560473978
0.5021511560473978,0.5370519797208896
0.5370519797208896,0.4113219074048675
0.4113219074048675,0.5692307692307692
0.5692307692307692,0.6617442581895984
0.6617442581895984,0.6045061090990622
0.6045061090990622,0.6716770502803141
0.6716770502803141,0.6192665774844213
0.6192665774844213,0.5859097889236992
0.5859097889236992,0.5553044981348069
0.5553044981348069,0.6101439677797433
0.6101439677797433,0.6602672286810939
0.6602672286810939,0.586870631761425
0.586870631761425,0.45049341897561984
0.45049341897561984,0.7633470015379251
0.7633470015379251,0.5699138815858873
0.5699138815858873,0.6920049991269325
0.6920049991269325,0.5476153846153846
0.5476153846153846,0.6224289410315689
0.6224289410315689,0.606161596481137
0.606161596481137,0.7150787984805685
0.7150787984805685,0.7313629053770464
0.7313629053770464,0.6863379340030547
0.6863379340030547,0.6708976009276448
0.6708976009276448,0.5665908159813356
0.5665908159813356,0.4885272711245154
0.4885272711245154,0.4742029842735595
0.4742029842735595,0.6390793051643396
0.6390793051643396,0.7056121369281655
0.7056121369281655,0.6746432663611485
0.6746432663611485,0.626244554596847
0.626244554596847,0.5461645542836312
0.5461645542836312,0.6034999292564486
0.6034999292564486,0.6384615384615384
0.6384615384615384,0.49666092222956953
0.49666092222956953,0.6869398615191461
0.6869398615191461,0.5552535105427455
0.5552535105427455,0.6535285408648149
