speed0,predictedSpeed
0.3762668773426251,0.4392946851217422
0.4392946851217422,0.2923046348471216
0.2923046348471216,0.5851120346018109
0.5851120346018109,0.5424117086443071
0.5424117086443071,0.5269205581318493
0.5269205581318493,0.47658346455309625
0.47658346455309625,0.5603063073730623
0.5603063073730623,0.6722839923025954
0.6722839923025954,0.5563684938366923
0.5563684938366923,0.43956516935146367
0.43956516935146367,0.24643491877260107
0.24643491877260107,0.4879589490068919
0.4879589490068919,0.46068922522016936
0.46068922522016936,0.48511628043489075
0.48511628043489075,0.550919329202255
0.550919329202255,0.48895507516651676
0.48895507516651676,0.5456973052919015
0.5456973052919015,0.5250760970984575
0.5250760970984575,0.5388888461369002
0.5388888461369002,0.8820359964290123
0.8820359964290123,0.5562219871288135
0.5562219871288135,0.6064242246363092
0.6064242246363092,0.587727237685552
0.587727237685552,0.5491920308115845
0.5491920308115845,0.6013548849538605
0.6013548849538605,0.5556726158432088
0.5556726158432088,0.6299276616440229
0.6299276616440229,0.6076961322829861
0.6076961322829861,0.5827547457963561
0.5827547457963561,0.7341000313274006
0.7341000313274006,0.639972601475546
0.639972601475546,0.6497100403922157
0.6497100403922157,0.5632258378362194
0.5632258378362194,0.6293910458187973
0.6293910458187973,0.5742606585532717
0.5742606585532717,0.47612901596508944
0.47612901596508944,0.6312339059177495
0.6312339059177495,0.6165666292236345
0.6165666292236345,0.5867078671604151
0.5867078671604151,0.6001715539191812
0.6001715539191812,0.6071944870025633
0.6071944870025633,0.5554559618073481
0.5554559618073481,0.6682707443936955
0.6682707443936955,0.6208595746884202
0.6208595746884202,0.44003104733770665
0.44003104733770665,0.6353360116303844
0.6353360116303844,0.6076268024569742
0.6076268024569742,0.5571413205054951
0.5571413205054951,0.5087054697562122
0.5087054697562122,0.6173144361157819
0.6173144361157819,0.5019739236655296
0.5019739236655296,0.5519300674445581
0.5519300674445581,0.5941671846968393
0.5941671846968393,0.5099268275897345
0.5099268275897345,0.4077466991701391
0.4077466991701391,0.23828866114545866
0.23828866114545866,0.5220080840015567
0.5220080840015567,0.20311241994184082
0.20311241994184082,0.5467541774778065
0.5467541774778065,0.2181340409919335
