speed0,predictedSpeed
0.3533011150812575,0.5097760246394231
0.5097760246394231,0.5420297827452631
0.5420297827452631,0.6766488691570008
0.6766488691570008,0.6307654750109385
0.6307654750109385,0.7686525324618624
0.7686525324618624,0.5697913765732329
0.5697913765732329,0.500445188722739
0.500445188722739,0.5343756917143145
0.5343756917143145,0.6364221901482994
0.6364221901482994,0.5811162362514357
0.5811162362514357,0.7614542517556003
0.7614542517556003,0.5395315895043619
0.5395315895043619,0.4799981963326164
0.4799981963326164,0.4362135020457852
0.4362135020457852,0.5392952350865643
0.5392952350865643,0.49452721383027815
0.49452721383027815,0.5034106769774663
0.5034106769774663,0.6210799280772052
0.6210799280772052,0.6337966702286597
0.6337966702286597,0.5707499287487205
0.5707499287487205,0.5886679325145073
0.5886679325145073,0.6494327135907374
0.6494327135907374,0.4658245199445662
0.4658245199445662,0.5380611864892964
0.5380611864892964,0.5769230769230769
0.5769230769230769,0.6882882844387678
0.6882882844387678,0.5792327226886201
0.5792327226886201,0.534921304079692
0.534921304079692,0.5785992737661163
0.5785992737661163,0.5388939785786955
0.5388939785786955,0.5733346791459027
0.5733346791459027,0.47320211003246404
0.47320211003246404,0.7391038012488816
0.7391038012488816,0.6014408986344217
0.6014408986344217,0.6137890307918765
0.6137890307918765,0.5567432652898662
0.5567432652898662,0.6304923076923077
0.6304923076923077,0.49048596066656125
0.49048596066656125,0.5172927586375137
0.5172927586375137,0.6337451090502069
0.6337451090502069,0.66520323616663
0.66520323616663,0.6248605470085334
0.6248605470085334,0.7224460395863691
0.7224460395863691,0.5953997707975486
0.5953997707975486,0.6304274862827706
0.6304274862827706,0.6269077679447055
0.6269077679447055,0.4039318743157876
0.4039318743157876,0.6139867977200361
0.6139867977200361,0.5513409005889962
0.5513409005889962,0.6590769230769231
0.6590769230769231,0.7301929513618225
0.7301929513618225,0.5495017495245281
0.5495017495245281,0.653932241088424
0.653932241088424,0.47735995407158216
0.47735995407158216,0.6486741860037052
0.6486741860037052,0.537477901308915
0.537477901308915,0.5755423693407747
0.5755423693407747,0.616933928825651
0.616933928825651,0.5085186096163193
0.5085186096163193,0.5402678540176531
