speed0,predictedSpeed
0.25546017904229124,0.5482021875259363
0.5482021875259363,0.4504140214726459
0.4504140214726459,0.49067072849514454
0.49067072849514454,0.566606167530819
0.566606167530819,0.5163290554401122
0.5163290554401122,0.5359689563734402
0.5359689563734402,0.5882834735837441
0.5882834735837441,0.6670873469171957
0.6670873469171957,0.5403665693910599
0.5403665693910599,0.7163307692307691
0.7163307692307691,0.5482033330842871
0.5482033330842871,0.4896051458409886
0.4896051458409886,0.4837876440711716
0.4837876440711716,0.6158675226131066
0.6158675226131066,0.5246604576005781
0.5246604576005781,0.5532399620544374
0.5532399620544374,0.5220257758984295
0.5220257758984295,0.5982658338464634
0.5982658338464634,0.36623811959504476
0.36623811959504476,0.5660042215930959
0.5660042215930959,0.5716739781785994
0.5716739781785994,0.47884615384615387
0.47884615384615387,0.4728003310209764
0.4728003310209764,0.5676827463552035
0.5676827463552035,0.6395048719148653
0.6395048719148653,0.49213635383273946
0.49213635383273946,0.5521719258793931
0.5521719258793931,0.625907702733687
0.625907702733687,0.5965007121612844
0.5965007121612844,0.5976316781314754
0.5976316781314754,0.5897730721059543
0.5897730721059543,0.6813957789817631
0.6813957789817631,0.6129438942885851
0.6129438942885851,0.5004535487791968
0.5004535487791968,0.520724358974359
0.520724358974359,0.5194782098652463
0.5194782098652463,0.5769767596942028
0.5769767596942028,0.5093462586571973
0.5093462586571973,0.5240967025030439
0.5240967025030439,0.5614080924106104
0.5614080924106104,0.6154839416652462
0.6154839416652462,0.5742624399231816
0.5742624399231816,0.5560954937027798
0.5560954937027798,0.6287430637316086
0.6287430637316086,0.504886807794113
0.504886807794113,0.5388852072384243
0.5388852072384243,0.6200528474307324
0.6200528474307324,0.6385680636283105
0.6385680636283105,0.6002744152984992
0.6002744152984992,0.5525464956369053
0.5525464956369053,0.5410276109918003
0.5410276109918003,0.5974692307692308
0.5974692307692308,0.45480202331766856
0.45480202331766856,0.5324422055398336
0.5324422055398336,0.49206747368943515
0.49206747368943515,0.4283654824237937
0.4283654824237937,0.5715178678448718
0.5715178678448718,0.5538461538461539
0.5538461538461539,0.6574682791872384
0.6574682791872384,0.6244668050060124
