speed0,predictedSpeed
0.6100384957396063,0.5937568670550263
0.5937568670550263,0.5166846769940305
0.5166846769940305,0.49157197512226847
0.49157197512226847,0.6541578607827735
0.6541578607827735,0.7444246028468099
0.7444246028468099,0.4901267942226804
0.4901267942226804,0.6235955452842828
0.6235955452842828,0.5753841933689845
0.5753841933689845,0.554381114516805
0.554381114516805,0.722973076923077
0.722973076923077,0.5922359154580555
0.5922359154580555,0.5923556703890575
0.5923556703890575,0.5254690126775605
0.5254690126775605,0.6972849169703317
0.6972849169703317,0.6106615384615385
0.6106615384615385,0.6037046833352485
0.6037046833352485,0.5555760744772551
0.5555760744772551,0.5803871658833843
0.5803871658833843,0.6338996132249275
0.6338996132249275,0.5359837305343361
0.5359837305343361,0.6524948717948718
0.6524948717948718,0.5921885024811604
0.5921885024811604,0.4209009369756477
0.4209009369756477,0.7029700300480912
0.7029700300480912,0.6850867463678101
0.6850867463678101,0.5986946167525764
0.5986946167525764,0.6052653846153846
0.6052653846153846,0.45010337373333753
0.45010337373333753,0.6254143383416904
0.6254143383416904,0.5808178546138745
0.5808178546138745,0.5088265097669604
0.5088265097669604,0.6552987602556339
0.6552987602556339,0.5871277284843466
0.5871277284843466,0.59783296089378
0.59783296089378,0.5324344242068422
0.5324344242068422,0.725865187958011
0.725865187958011,0.6529692307692307
0.6529692307692307,0.5847739753321721
0.5847739753321721,0.7113397069012182
0.7113397069012182,0.6078854744986238
0.6078854744986238,0.5809706500742893
0.5809706500742893,0.621093902608499
0.621093902608499,0.597688425335577
0.597688425335577,0.6825617775064543
0.6825617775064543,0.5414736244203987
0.5414736244203987,0.6516704384618509
0.6516704384618509,0.6472499060758384
0.6472499060758384,0.5799743589743589
0.5799743589743589,0.4304494701359666
0.4304494701359666,0.48689053692951917
0.48689053692951917,0.49622906141227624
0.49622906141227624,0.710750815213044
0.710750815213044,0.5014321003777021
0.5014321003777021,0.5048367094809757
0.5048367094809757,0.5967400236900424
0.5967400236900424,0.440345652598429
0.440345652598429,0.2195706862787512
0.2195706862787512,0.8108400523672737
0.8108400523672737,0.599388782536989
0.599388782536989,0.5584329309958248
