speed0,predictedSpeed
0.3352096923795031,0.484877669504581
0.484877669504581,0.24384779583343938
0.24384779583343938,0.4652142024343173
0.4652142024343173,0.4548001193336508
0.4548001193336508,0.3829509997561744
0.3829509997561744,0.6509330809540478
0.6509330809540478,0.6226907237193671
0.6226907237193671,0.5243335901355002
0.5243335901355002,0.596244377099933
0.596244377099933,0.6970834302511183
0.6970834302511183,0.741890116724045
0.741890116724045,0.766557537788708
0.766557537788708,0.6278590631906741
0.6278590631906741,0.5132403660328964
0.5132403660328964,0.6181034381550873
0.6181034381550873,0.6434654693883924
0.6434654693883924,0.6446890033096703
0.6446890033096703,0.6503426880317342
0.6503426880317342,0.6074781373660093
0.6074781373660093,0.6383380142586296
0.6383380142586296,0.49879083637072746
0.49879083637072746,0.679694580246471
0.679694580246471,0.6074699191998895
0.6074699191998895,0.6252705853914777
0.6252705853914777,0.5809761572606554
0.5809761572606554,0.627091134278587
0.627091134278587,0.6615384615384615
0.6615384615384615,0.8087734773641563
0.8087734773641563,0.6191134269366535
0.6191134269366535,0.4765918732290574
0.4765918732290574,0.5961389034117299
0.5961389034117299,0.4996372651002772
0.4996372651002772,0.7678590378512533
0.7678590378512533,0.7058586820684062
0.7058586820684062,0.586097047687993
0.586097047687993,0.5027422346343718
0.5027422346343718,0.6223255131816083
0.6223255131816083,0.5666080477143122
0.5666080477143122,0.6488141775391881
0.6488141775391881,0.7090166615342623
0.7090166615342623,0.6364192077092634
0.6364192077092634,0.8923076923076924
0.8923076923076924,0.5807692307692308
0.5807692307692308,0.6496727674992361
0.6496727674992361,0.6846153846153846
0.6846153846153846,0.569953911811307
0.569953911811307,0.6656188743217999
0.6656188743217999,0.6707854129342709
0.6707854129342709,0.595462478471328
0.595462478471328,0.5347472257745441
0.5347472257745441,0.5710338881046614
0.5710338881046614,0.6337983392326155
0.6337983392326155,0.6951743536075574
0.6951743536075574,0.6477611802468877
0.6477611802468877,0.5235434641643947
0.5235434641643947,0.6776704427563456
0.6776704427563456,0.6935933564995342
0.6935933564995342,0.26477991307300364
0.26477991307300364,0.6101458774089221
0.6101458774089221,0.5441607124133282
