speed0,predictedSpeed
0.4962095970303937,0.5750700577905423
0.5750700577905423,0.6423141892844638
0.6423141892844638,0.4846556685306842
0.4846556685306842,0.5116621141862134
0.5116621141862134,0.5424937437761024
0.5424937437761024,0.5169244102387759
0.5169244102387759,0.5629598705785142
0.5629598705785142,0.6442564797460177
0.6442564797460177,0.5051356696405669
0.5051356696405669,0.5046245809528629
0.5046245809528629,0.7028650379848566
0.7028650379848566,0.6289050701543024
0.6289050701543024,0.635809204334281
0.635809204334281,0.5454325308003012
0.5454325308003012,0.4487332519860354
0.4487332519860354,0.502442385899523
0.502442385899523,0.5387499829316211
0.5387499829316211,0.5479731953353971
0.5479731953353971,0.6031628721578738
0.6031628721578738,0.5649898978747007
0.5649898978747007,0.600913971011551
0.600913971011551,0.49815346908865044
0.49815346908865044,0.6168832889853035
0.6168832889853035,0.5261930751190782
0.5261930751190782,0.5761138299123508
0.5761138299123508,0.5811457635406142
0.5811457635406142,0.5403774056129745
0.5403774056129745,0.3733488676179775
0.3733488676179775,0.6039008034237194
0.6039008034237194,0.5661312131211259
0.5661312131211259,0.6228659612204156
0.6228659612204156,0.5554279793613358
0.5554279793613358,0.7333430658112404
0.7333430658112404,0.6268301852132965
0.6268301852132965,0.5816565378384433
0.5816565378384433,0.4000573031752301
0.4000573031752301,0.48702295077306296
0.48702295077306296,0.7307555979241199
0.7307555979241199,0.5116863909232716
0.5116863909232716,0.5882606709593212
0.5882606709593212,0.6971539901828921
0.6971539901828921,0.4999439494255653
0.4999439494255653,0.6216893960993988
0.6216893960993988,0.701016175560465
0.701016175560465,0.296602726947646
0.296602726947646,0.4809144380754085
0.4809144380754085,0.5374286956464055
0.5374286956464055,0.6463616551255853
0.6463616551255853,0.3701580282832987
0.3701580282832987,0.7161572054966217
0.7161572054966217,0.5731693526074402
0.5731693526074402,0.685080811416882
0.685080811416882,0.7564102564102565
0.7564102564102565,0.6503050643893459
0.6503050643893459,0.5757710299474925
0.5757710299474925,0.4017034688542781
0.4017034688542781,0.25352955145325545
0.25352955145325545,0.281233574935533
0.281233574935533,0.6536918919340813
0.6536918919340813,0.5649085010889864
