speed0,predictedSpeed
0.5308472967951712,0.3312432069341191
0.3312432069341191,0.6339562104226268
0.6339562104226268,0.5253827838369224
0.5253827838369224,0.5353009791293335
0.5353009791293335,0.6076923076923076
0.6076923076923076,0.5514229368816935
0.5514229368816935,0.6980453887815261
0.6980453887815261,0.6213875195436557
0.6213875195436557,0.5227424336464103
0.5227424336464103,0.564041048355559
0.564041048355559,0.6830919247072429
0.6830919247072429,0.5737389380041439
0.5737389380041439,0.6046503674722604
0.6046503674722604,0.5194965769875509
0.5194965769875509,0.5928256691688789
0.5928256691688789,0.4704371842242207
0.4704371842242207,0.5291425388131433
0.5291425388131433,0.5469839168223416
0.5469839168223416,0.4910558528978119
0.4910558528978119,0.5134640268196682
0.5134640268196682,0.5228889994172675
0.5228889994172675,0.5911014056471825
0.5911014056471825,0.5550577401976905
0.5550577401976905,0.5605247456335787
0.5605247456335787,0.48240236087176036
0.48240236087176036,0.5583643481503139
0.5583643481503139,0.5591046337945534
0.5591046337945534,0.5950956143211329
0.5950956143211329,0.6237132971750335
0.6237132971750335,0.657853739514094
0.657853739514094,0.6287749936988718
0.6287749936988718,0.4954261014230782
0.4954261014230782,0.6392248496823176
0.6392248496823176,0.6898119082107196
0.6898119082107196,0.5334501757825938
0.5334501757825938,0.5115131621972746
0.5115131621972746,0.6694488014948368
0.6694488014948368,0.6054881599935185
0.6054881599935185,0.5453425937465688
0.5453425937465688,0.5027436689345458
0.5027436689345458,0.490600044223971
0.490600044223971,0.4908514127542783
0.4908514127542783,0.6514114853056763
0.6514114853056763,0.6449858994195763
0.6449858994195763,0.5633576678522882
0.5633576678522882,0.6643076923076923
0.6643076923076923,0.5386326725128993
0.5386326725128993,0.759663409312327
0.759663409312327,0.5699420277897324
0.5699420277897324,0.6357680138299608
0.6357680138299608,0.6497818224176453
0.6497818224176453,0.5549672498814744
0.5549672498814744,0.48476130547855434
0.48476130547855434,0.5482507683484634
0.5482507683484634,0.5407751903190339
0.5407751903190339,0.538723015707433
0.538723015707433,0.5599692572620292
0.5599692572620292,0.5326571228772629
0.5326571228772629,0.6963674413481848
0.6963674413481848,0.32490383527139116
