speed0,predictedSpeed
0.3200840514752379,0.4768368693862441
0.4768368693862441,0.5315091829421419
0.5315091829421419,0.44408704242978025
0.44408704242978025,0.4148703902086782
0.4148703902086782,0.5624751826805026
0.5624751826805026,0.48975706959086585
0.48975706959086585,0.5688240121232766
0.5688240121232766,0.6098633699712206
0.6098633699712206,0.5144638904957624
0.5144638904957624,0.6878171686692252
0.6878171686692252,0.5705080166625305
0.5705080166625305,0.619262357732836
0.619262357732836,0.4529635505871569
0.4529635505871569,0.5620632768070716
0.5620632768070716,0.5272206291786662
0.5272206291786662,0.39475270459500855
0.39475270459500855,0.5343192497593892
0.5343192497593892,0.5434458336251101
0.5434458336251101,0.5104866984807191
0.5104866984807191,0.5396621394367367
0.5396621394367367,0.5541655002429954
0.5541655002429954,0.7307692307692307
0.7307692307692307,0.657889954937662
0.657889954937662,0.6600944140988436
0.6600944140988436,0.6392538934799382
0.6392538934799382,0.24793041911809943
0.24793041911809943,0.4302851661163203
0.4302851661163203,0.6622980720859761
0.6622980720859761,0.6269715806207806
0.6269715806207806,0.4636901227172638
0.4636901227172638,0.6381475342414354
0.6381475342414354,0.46618013718597284
0.46618013718597284,0.6033431109547943
0.6033431109547943,0.39172236445193664
0.39172236445193664,0.6838879928067438
0.6838879928067438,0.34886051640914517
0.34886051640914517,0.5770471943203649
0.5770471943203649,0.5037380243622493
0.5037380243622493,0.6272178299895558
0.6272178299895558,0.5963047279738092
0.5963047279738092,0.6298158334278661
0.6298158334278661,0.6074711478122
0.6074711478122,0.576156471608701
0.576156471608701,0.582345135932126
0.582345135932126,0.5859101826267642
0.5859101826267642,0.6980872695436346
0.6980872695436346,0.5274507100871926
0.5274507100871926,0.5905806423018404
0.5905806423018404,0.6279821358958834
0.6279821358958834,0.6467911765595029
0.6467911765595029,0.6247466722319432
0.6247466722319432,0.6185277806661782
0.6185277806661782,0.5374167315818196
0.5374167315818196,0.5353914931896085
0.5353914931896085,0.5842208485672242
0.5842208485672242,0.47025475477191325
0.47025475477191325,0.6307620255210377
0.6307620255210377,0.49393031930476244
0.49393031930476244,0.018785916841947116
0.018785916841947116,0.5846153846153846
