speed0,predictedSpeed
0.1796252587602341,0.4113803244261265
0.4113803244261265,0.15285219950709272
0.15285219950709272,0.5927164767628562
0.5927164767628562,0.685040884439198
0.685040884439198,0.4548105309226525
0.4548105309226525,0.6893909784118258
0.6893909784118258,0.46452307880470123
0.46452307880470123,0.2350878924141664
0.2350878924141664,0.6425009900534844
0.6425009900534844,0.5853675656301327
0.5853675656301327,0.5844858890522179
0.5844858890522179,0.006352320908626228
0.006352320908626228,0.31544044714461467
0.31544044714461467,0.5037188161217498
0.5037188161217498,0.6744932178482782
0.6744932178482782,0.5140268099332804
0.5140268099332804,0.5781887546528721
0.5781887546528721,0.5282422903739291
0.5282422903739291,0.503251923076923
0.503251923076923,0.5737239677296471
0.5737239677296471,0.7238647235500824
0.7238647235500824,0.5638296610794289
0.5638296610794289,0.6304211342940715
0.6304211342940715,0.5790066063141417
0.5790066063141417,0.4019384615384616
0.4019384615384616,0.6249988583781878
0.6249988583781878,0.6152872119681927
0.6152872119681927,0.49232659806979
0.49232659806979,0.5860712518289717
0.5860712518289717,0.5503039519500083
0.5503039519500083,0.6692551993707724
0.6692551993707724,0.6059293740545305
0.6059293740545305,0.5990856038136124
0.5990856038136124,0.502642697439866
0.502642697439866,0.6368164846017254
0.6368164846017254,0.670275253655015
0.670275253655015,0.6131795545057729
0.6131795545057729,0.7338352125526955
0.7338352125526955,0.5433424109808646
0.5433424109808646,0.6076291049875534
0.6076291049875534,0.5058437319582785
0.5058437319582785,0.7046115384615385
0.7046115384615385,0.5953577140727991
0.5953577140727991,0.32774139246873607
0.32774139246873607,0.6037869480120645
0.6037869480120645,0.6533790188621995
0.6533790188621995,0.6279286162672948
0.6279286162672948,0.44307582238213966
0.44307582238213966,0.6356479342664961
0.6356479342664961,0.6001267015001448
0.6001267015001448,0.330475601573508
0.330475601573508,0.23658121302992985
0.23658121302992985,0.5801474124111541
0.5801474124111541,0.5192490564015275
0.5192490564015275,0.5718402795843469
0.5718402795843469,0.5626578556505796
0.5626578556505796,0.4683765761952426
0.4683765761952426,0.415664140026459
0.415664140026459,0.6848148912905743
0.6848148912905743,0.36506900816777005
