speed0,predictedSpeed
0.5619608242956201,0.7698685927725368
0.7698685927725368,0.5529734461950626
0.5529734461950626,0.4932130733909267
0.4932130733909267,0.5435833043343603
0.5435833043343603,0.5774273074630041
0.5774273074630041,0.5043557282265737
0.5043557282265737,0.5529894978254637
0.5529894978254637,0.5920444552446918
0.5920444552446918,0.6589581501362405
0.6589581501362405,0.6192582706969668
0.6192582706969668,0.6216671309768019
0.6216671309768019,0.5843692159212931
0.5843692159212931,0.5462459009114011
0.5462459009114011,0.595157684380817
0.595157684380817,0.7127307692307693
0.7127307692307693,0.6328816723107951
0.6328816723107951,0.5188993930206742
0.5188993930206742,0.6157152598962509
0.6157152598962509,0.6664615384615384
0.6664615384615384,0.5140051473345681
0.5140051473345681,0.6014760549647299
0.6014760549647299,0.4858016867435129
0.4858016867435129,0.6661278147122371
0.6661278147122371,0.48682653567110745
0.48682653567110745,0.6248859699439488
0.6248859699439488,0.6020432122409919
0.6020432122409919,0.6178191646249058
0.6178191646249058,0.5079047450924876
0.5079047450924876,0.5631368202848679
0.5631368202848679,0.5873932884399242
0.5873932884399242,0.5540110603749283
0.5540110603749283,0.5637807855250679
0.5637807855250679,0.5549796505243657
0.5549796505243657,0.5571109073324914
0.5571109073324914,0.3672428206808073
0.3672428206808073,0.5576881932743192
0.5576881932743192,0.6234697810640564
0.6234697810640564,0.6550251571583634
0.6550251571583634,0.47552290117823426
0.47552290117823426,0.5794988436015213
0.5794988436015213,0.6327736316365862
0.6327736316365862,0.5571137394364861
0.5571137394364861,0.535745220537715
0.535745220537715,0.5679593961078206
0.5679593961078206,0.6319650796380418
0.6319650796380418,0.5029217284645678
0.5029217284645678,0.5665371109831677
0.5665371109831677,0.5209333154427311
0.5209333154427311,0.5685750412592121
0.5685750412592121,0.6748198419264082
0.6748198419264082,0.6179855915209976
0.6179855915209976,0.5434831423045892
0.5434831423045892,0.6788125112075095
0.6788125112075095,0.5633870062849824
0.5633870062849824,0.41526003851617826
0.41526003851617826,0.4427384615384615
0.4427384615384615,0.6075410646837259
0.6075410646837259,0.5975478585588491
0.5975478585588491,0.36916269268719615
0.36916269268719615,0.590505221956595
