speed0,predictedSpeed
0.47209546210101183,0.45128721372583497
0.45128721372583497,0.3972732483421418
0.3972732483421418,0.5467181207957524
0.5467181207957524,0.5529063727281079
0.5529063727281079,0.5871523038272427
0.5871523038272427,0.5620746860325393
0.5620746860325393,0.5449131566939845
0.5449131566939845,0.5686683313700842
0.5686683313700842,0.6051349077826921
0.6051349077826921,0.7341163040641472
0.7341163040641472,0.7128648867394971
0.7128648867394971,0.4988168790290556
0.4988168790290556,0.5806070862501147
0.5806070862501147,0.5790033866190492
0.5790033866190492,0.44288974358974365
0.44288974358974365,0.5496342389380694
0.5496342389380694,0.5366610047183563
0.5366610047183563,0.6263063537561759
0.6263063537561759,0.5412444054996086
0.5412444054996086,0.5107987016355762
0.5107987016355762,0.6659648728727511
0.6659648728727511,0.5111636154589223
0.5111636154589223,0.5238750978990105
0.5238750978990105,0.559709048329415
0.559709048329415,0.46630917501356234
0.46630917501356234,0.6879862137953522
0.6879862137953522,0.6219803482794595
0.6219803482794595,0.6022841237946127
0.6022841237946127,0.6086110081627895
0.6086110081627895,0.6214579530458595
0.6214579530458595,0.4453544185648011
0.4453544185648011,0.49109359559769256
0.49109359559769256,0.6238908983210256
0.6238908983210256,0.5545665215138854
0.5545665215138854,0.5705713549370892
0.5705713549370892,0.5921805212938585
0.5921805212938585,0.5761932464788334
0.5761932464788334,0.6411539212180173
0.6411539212180173,0.6758276057894053
0.6758276057894053,0.6092624534080353
0.6092624534080353,0.5266835915729112
0.5266835915729112,0.488773546295198
0.488773546295198,0.5722144429515221
0.5722144429515221,0.6603291570278129
0.6603291570278129,0.7261252553740742
0.7261252553740742,0.638893127187498
0.638893127187498,0.5598384544037713
0.5598384544037713,0.6671095432938797
0.6671095432938797,0.5491144903551599
0.5491144903551599,0.6852368184469048
0.6852368184469048,0.5632312674928214
0.5632312674928214,0.7382208231328655
0.7382208231328655,0.5890240026771981
0.5890240026771981,0.5696080994405534
0.5696080994405534,0.5482994995620616
0.5482994995620616,0.7067579831489202
0.7067579831489202,0.6141886582251903
0.6141886582251903,0.47177160802870155
0.47177160802870155,0.5912419828612644
0.5912419828612644,0.46696398783854404
