speed0,predictedSpeed
0.5549071635146096,0.647777213107067
0.647777213107067,0.5577650658931599
0.5577650658931599,0.49779670354357414
0.49779670354357414,0.31422254513471554
0.31422254513471554,0.7310967191681444
0.7310967191681444,0.6017338985756072
0.6017338985756072,0.6657516724536102
0.6657516724536102,0.6569471590673337
0.6569471590673337,0.706405139911442
0.706405139911442,0.5725030086327066
0.5725030086327066,0.611156678800837
0.611156678800837,0.6621839176843348
0.6621839176843348,0.6066650244894414
0.6066650244894414,0.6284096291807393
0.6284096291807393,0.6717802153397309
0.6717802153397309,0.5562959544144594
0.5562959544144594,0.5778925063118351
0.5778925063118351,0.5577172814890756
0.5577172814890756,0.6201569041098575
0.6201569041098575,0.7045667710386848
0.7045667710386848,0.6788748773489823
0.6788748773489823,0.6542731793758187
0.6542731793758187,0.6126150395178712
0.6126150395178712,0.6558428214099647
0.6558428214099647,0.6913312743248742
0.6913312743248742,0.7122459354059194
0.7122459354059194,0.5891852378071325
0.5891852378071325,0.7025567170242981
0.7025567170242981,0.5831260337739772
0.5831260337739772,0.7092467274376013
0.7092467274376013,0.4957936069601168
0.4957936069601168,0.5816012968251888
0.5816012968251888,0.6616982274427174
0.6616982274427174,0.6465580552238812
0.6465580552238812,0.6260940853669524
0.6260940853669524,0.5869973849321014
0.5869973849321014,0.675364998025298
0.675364998025298,0.5465633478304106
0.5465633478304106,0.5698931399328035
0.5698931399328035,0.6446085209203534
0.6446085209203534,0.7423858558361162
0.7423858558361162,0.7015740362449925
0.7015740362449925,0.6876432323562662
0.6876432323562662,0.6462076083473962
0.6462076083473962,0.5781339520456955
0.5781339520456955,0.5288314630357609
0.5288314630357609,0.6575163453305743
0.6575163453305743,0.7218879686734977
0.7218879686734977,0.646035115248524
0.646035115248524,0.7182469601772442
0.7182469601772442,0.696923041026544
0.696923041026544,0.4850400153550982
0.4850400153550982,0.6057323086504329
0.6057323086504329,0.555634968540736
0.555634968540736,0.6728504030504118
0.6728504030504118,0.09991757953750821
0.09991757953750821,0.5855731661516291
0.5855731661516291,0.5081358799128151
0.5081358799128151,0.5644934187927203
0.5644934187927203,0.5285464100940924
