speed0,predictedSpeed
0.520718950251353,0.5350824396937016
0.5350824396937016,0.5972961538461539
0.5972961538461539,0.5761152565276645
0.5761152565276645,0.5043179337500578
0.5043179337500578,0.5694719823418034
0.5694719823418034,0.6067360528012921
0.6067360528012921,0.5387600155320702
0.5387600155320702,0.5611325886594742
0.5611325886594742,0.665226976967252
0.665226976967252,0.5669842450809843
0.5669842450809843,0.6204287609261441
0.6204287609261441,0.49083475286942213
0.49083475286942213,0.5371821405006039
0.5371821405006039,0.585175231960466
0.585175231960466,0.6684950000740346
0.6684950000740346,0.6911688975588571
0.6911688975588571,0.49096970725974276
0.49096970725974276,0.6204788018169332
0.6204788018169332,0.6413915140261139
0.6413915140261139,0.5965273483051415
0.5965273483051415,0.5351234756022407
0.5351234756022407,0.6280016757389206
0.6280016757389206,0.6068025641025641
0.6068025641025641,0.5973666666666667
0.5973666666666667,0.6628029915567005
0.6628029915567005,0.6753518226851337
0.6753518226851337,0.6612091582747782
0.6612091582747782,0.6178090869385012
0.6178090869385012,0.6670706325560515
0.6670706325560515,0.5801621456064724
0.5801621456064724,0.6938825124157819
0.6938825124157819,0.5977912994407534
0.5977912994407534,0.5776272591934102
0.5776272591934102,0.5573047611740899
0.5573047611740899,0.467107804414223
0.467107804414223,0.597547799568773
0.597547799568773,0.5857725768904133
0.5857725768904133,0.7695282051282051
0.7695282051282051,0.49742100279916873
0.49742100279916873,0.7486895672240786
0.7486895672240786,0.8476729571986277
0.8476729571986277,0.588496153846154
0.588496153846154,0.663965451434246
0.663965451434246,0.6090489798727462
0.6090489798727462,0.6278142715515176
0.6278142715515176,0.598000973991441
0.598000973991441,0.4762075730842469
0.4762075730842469,0.6370320764203502
0.6370320764203502,0.6655132670881412
0.6655132670881412,0.5286357417070092
0.5286357417070092,0.8030769230769231
0.8030769230769231,0.4906918262401566
0.4906918262401566,0.5433436219342028
0.5433436219342028,0.5830887875584324
0.5830887875584324,0.5285729162572236
0.5285729162572236,0.6210691915445388
0.6210691915445388,0.35723536564753605
0.35723536564753605,0.7041214633689251
0.7041214633689251,0.615626713014848
0.615626713014848,0.5833392667828808
