speed0,predictedSpeed
0.4069119639660153,0.5254873925698726
0.5254873925698726,0.5987802840933426
0.5987802840933426,0.6226926244059671
0.6226926244059671,0.6157923076923076
0.6157923076923076,0.5953624493724355
0.5953624493724355,0.5260723646067257
0.5260723646067257,0.6460649726558532
0.6460649726558532,0.5956871392560653
0.5956871392560653,0.6483071703050209
0.6483071703050209,0.5928489522362236
0.5928489522362236,0.5769021821757909
0.5769021821757909,0.5506851274368428
0.5506851274368428,0.654230917595884
0.654230917595884,0.675660083424322
0.675660083424322,0.6598181556752934
0.6598181556752934,0.6517095254486258
0.6517095254486258,0.5275549168694944
0.5275549168694944,0.6650328758485589
0.6650328758485589,0.6952037660864597
0.6952037660864597,0.6606755130534374
0.6606755130534374,0.637086239044536
0.637086239044536,0.763350262716379
0.763350262716379,0.5677379388904569
0.5677379388904569,0.6161324866309551
0.6161324866309551,0.6037391006830811
0.6037391006830811,0.5251000667561218
0.5251000667561218,0.6246718909709577
0.6246718909709577,0.5169435862637252
0.5169435862637252,0.5984193734945144
0.5984193734945144,0.7108833963007785
0.7108833963007785,0.6546572812661764
0.6546572812661764,0.6893275024777972
0.6893275024777972,0.5768226489605739
0.5768226489605739,0.6252286652104945
0.6252286652104945,0.6571013956564431
0.6571013956564431,0.5691640365841557
0.5691640365841557,0.6875067027931088
0.6875067027931088,0.6222180410138768
0.6222180410138768,0.5800127992248862
0.5800127992248862,0.7284638224636815
0.7284638224636815,0.6384639326141721
0.6384639326141721,0.67621204616669
0.67621204616669,0.5586221193456097
0.5586221193456097,0.6837331125144414
0.6837331125144414,0.5947791450787063
0.5947791450787063,0.5410193289466676
0.5410193289466676,0.5139411454905636
0.5139411454905636,0.6156873861870534
0.6156873861870534,0.564224811137936
0.564224811137936,0.4815985934331979
0.4815985934331979,0.4829909219084841
0.4829909219084841,0.6801295437547981
0.6801295437547981,0.6759815270013716
0.6759815270013716,0.5814756488440118
0.5814756488440118,0.5605881879536633
0.5605881879536633,0.673460378410985
0.673460378410985,0.5745264812485393
0.5745264812485393,0.4487531810429812
0.4487531810429812,0.5836619839029247
0.5836619839029247,0.6363735900147852
