speed0,predictedSpeed
0.4681686210178374,0.6769293182608587
0.6769293182608587,0.5999147221632487
0.5999147221632487,0.4393561838521096
0.4393561838521096,0.6909367641880008
0.6909367641880008,0.541458585125477
0.541458585125477,0.3402033129853598
0.3402033129853598,0.5866177548937748
0.5866177548937748,0.5816002320168395
0.5816002320168395,0.5556871353176016
0.5556871353176016,0.5725641118350714
0.5725641118350714,0.6252132927948506
0.6252132927948506,0.6634828542966871
0.6634828542966871,0.5700689798673977
0.5700689798673977,0.5045920389851041
0.5045920389851041,0.5639190624323744
0.5639190624323744,0.5837183324812981
0.5837183324812981,0.6948
0.6948,0.5778222225878226
0.5778222225878226,0.49844212087333406
0.49844212087333406,0.43495959690672
0.43495959690672,0.2544255493438291
0.2544255493438291,0.5469229498187044
0.5469229498187044,0.5071865441051522
0.5071865441051522,0.310630041091299
0.310630041091299,0.6722729004281038
0.6722729004281038,0.6306551963178431
0.6306551963178431,0.5674317994564618
0.5674317994564618,0.6268157324938222
0.6268157324938222,0.6299370803342509
0.6299370803342509,0.3519631218397371
0.3519631218397371,0.5069599601225162
0.5069599601225162,0.45364131290917153
0.45364131290917153,0.5668299533676884
0.5668299533676884,0.5259197711455724
0.5259197711455724,0.5753879564132902
0.5753879564132902,0.5616284218471405
0.5616284218471405,0.5860014010767499
0.5860014010767499,0.4711898951439885
0.4711898951439885,0.49023738702564185
0.49023738702564185,0.6634597148795055
0.6634597148795055,0.46649412837907456
0.46649412837907456,0.41763538450648774
0.41763538450648774,0.5223152689386844
0.5223152689386844,0.5336995308729618
0.5336995308729618,0.5824796024311504
0.5824796024311504,0.4293265424138664
0.4293265424138664,0.3842358875008126
0.3842358875008126,0.1750474175816913
0.1750474175816913,0.32501647781092036
0.32501647781092036,0.5880752250388688
0.5880752250388688,0.506086106851977
0.506086106851977,0.5672397813130702
0.5672397813130702,0.5078563798716701
0.5078563798716701,0.5158938576869913
0.5158938576869913,0.6827025055419883
0.6827025055419883,0.5709737237761168
0.5709737237761168,0.7333333333333333
0.7333333333333333,0.45836682285722585
0.45836682285722585,0.5704750939452062
0.5704750939452062,0.6962357718567025
