speed0,predictedSpeed
0.6264715628258947,0.48526153480753614
0.48526153480753614,0.5515335765539244
0.5515335765539244,0.5921943288614163
0.5921943288614163,0.31947796683902985
0.31947796683902985,0.494911709933706
0.494911709933706,0.46881785044904345
0.46881785044904345,0.626436767031916
0.626436767031916,0.689346984246861
0.689346984246861,0.590769617142473
0.590769617142473,0.32012364170571833
0.32012364170571833,0.5173626756284996
0.5173626756284996,0.5606189418678867
0.5606189418678867,0.49781523300994984
0.49781523300994984,0.6485302932771937
0.6485302932771937,0.6047666616545897
0.6047666616545897,0.5307891737379584
0.5307891737379584,0.5781152563256224
0.5781152563256224,0.6519031293857003
0.6519031293857003,0.6703755291028471
0.6703755291028471,0.5127639034119069
0.5127639034119069,0.6137979560928306
0.6137979560928306,0.6094746423179094
0.6094746423179094,0.6761178760207254
0.6761178760207254,0.5833163523057067
0.5833163523057067,0.556641384582681
0.556641384582681,0.6367936424671764
0.6367936424671764,0.612906638412102
0.612906638412102,0.552368594263832
0.552368594263832,0.7168461598258818
0.7168461598258818,0.5710661083548128
0.5710661083548128,0.6074464742676897
0.6074464742676897,0.34359743589743585
0.34359743589743585,0.5479915736857667
0.5479915736857667,0.5979307692307692
0.5979307692307692,0.5647539400511458
0.5647539400511458,0.614197925013432
0.614197925013432,0.6302086706684151
0.6302086706684151,0.5813914483700049
0.5813914483700049,0.6636693187591473
0.6636693187591473,0.6231421183664084
0.6231421183664084,0.46938829865991605
0.46938829865991605,0.6240709705824465
0.6240709705824465,0.7228710232307137
0.7228710232307137,0.6664759305913105
0.6664759305913105,0.6746887855436838
0.6746887855436838,0.5940044802577444
0.5940044802577444,0.5487681111582674
0.5487681111582674,0.6549264033980445
0.6549264033980445,0.5508848891627498
0.5508848891627498,0.5724047389384751
0.5724047389384751,0.5419879714752229
0.5419879714752229,0.5825700352098105
0.5825700352098105,0.7161318786583453
0.7161318786583453,0.6375538461538461
0.6375538461538461,0.44392520312831313
0.44392520312831313,0.5823998053089753
0.5823998053089753,0.7165250647393314
0.7165250647393314,0.5923076923076923
0.5923076923076923,0.5277974600905354
0.5277974600905354,0.5956372605915224
