speed0,predictedSpeed
0.6087901886633802,0.4673269015166924
0.4673269015166924,0.494512063071798
0.494512063071798,0.47923113381982174
0.47923113381982174,0.4767695541596389
0.4767695541596389,0.6710930974025742
0.6710930974025742,0.40549823674183316
0.40549823674183316,0.5948360116173371
0.5948360116173371,0.6519775967053794
0.6519775967053794,0.7443969621113741
0.7443969621113741,0.45094898450368287
0.45094898450368287,0.6774748902119608
0.6774748902119608,0.6171486658087015
0.6171486658087015,0.6145475026560665
0.6145475026560665,0.5449398260184183
0.5449398260184183,0.6677698585449433
0.6677698585449433,0.7979253590924125
0.7979253590924125,0.5955809553122221
0.5955809553122221,0.6031965481093258
0.6031965481093258,0.6349230077654087
0.6349230077654087,0.5912877409741788
0.5912877409741788,0.5684520228448946
0.5684520228448946,0.6087820017208364
0.6087820017208364,0.5476144564956603
0.5476144564956603,0.5119162105326032
0.5119162105326032,0.647934808692354
0.647934808692354,0.46322431645661793
0.46322431645661793,0.5423774852382832
0.5423774852382832,0.6552380680365857
0.6552380680365857,0.6489438773486725
0.6489438773486725,0.6615256885294218
0.6615256885294218,0.4976148836633305
0.4976148836633305,0.5991772152749227
0.5991772152749227,0.5913285257784614
0.5913285257784614,0.6932513567584332
0.6932513567584332,0.5819043682449311
0.5819043682449311,0.7843069346083391
0.7843069346083391,0.7022608435244955
0.7022608435244955,0.6421871682445015
0.6421871682445015,0.6365501316395432
0.6365501316395432,0.4952123735213431
0.4952123735213431,0.5263695949236425
0.5263695949236425,0.4824636330565066
0.4824636330565066,0.6282776810018535
0.6282776810018535,0.6885327728567207
0.6885327728567207,0.5512505331099299
0.5512505331099299,0.6450390221006576
0.6450390221006576,0.566613213714538
0.566613213714538,0.548237569150195
0.548237569150195,0.6996412941854524
0.6996412941854524,0.8345769230769231
0.8345769230769231,0.7299068652356766
0.7299068652356766,0.6303796356324118
0.6303796356324118,0.6401738868697029
0.6401738868697029,0.5614575778926187
0.5614575778926187,0.5949375533084728
0.5949375533084728,0.4285570185268404
0.4285570185268404,0.6298303306706449
0.6298303306706449,0.5645340122441256
0.5645340122441256,0.31507149417105706
0.31507149417105706,0.4304989454988238
