speed0,predictedSpeed
0.654574651524992,0.27775058181853035
0.27775058181853035,0.6873686400965585
0.6873686400965585,0.47789085156488686
0.47789085156488686,0.6097381130197362
0.6097381130197362,0.6856753684315655
0.6856753684315655,0.6898153846153846
0.6898153846153846,0.4343694165471559
0.4343694165471559,0.45591913469531825
0.45591913469531825,0.5402160630873472
0.5402160630873472,0.5211178981109819
0.5211178981109819,0.6458330751635596
0.6458330751635596,0.5541919836472408
0.5541919836472408,0.620255715607105
0.620255715607105,0.5348484013600572
0.5348484013600572,0.5996621069690842
0.5996621069690842,0.5147661479325465
0.5147661479325465,0.6195300131927938
0.6195300131927938,0.5754192939960968
0.5754192939960968,0.5445336571098958
0.5445336571098958,0.4059246944856649
0.4059246944856649,0.6371013092036466
0.6371013092036466,0.6340233853522595
0.6340233853522595,0.5683707402251644
0.5683707402251644,0.5201304897039911
0.5201304897039911,0.7241619411196876
0.7241619411196876,0.5120517344046275
0.5120517344046275,0.6866363517961235
0.6866363517961235,0.5684406042941206
0.5684406042941206,0.5189153822033936
0.5189153822033936,0.5490445393572956
0.5490445393572956,0.5463421213122925
0.5463421213122925,0.656456582376752
0.656456582376752,0.602094445979674
0.602094445979674,0.4462483557949893
0.4462483557949893,0.7261557882881582
0.7261557882881582,0.5384668007023009
0.5384668007023009,0.4995592806395872
0.4995592806395872,0.5143603846153846
0.5143603846153846,0.5849242818180106
0.5849242818180106,0.6
0.6,0.6367661485621706
0.6367661485621706,0.6699766784563649
0.6699766784563649,0.5227636875685222
0.5227636875685222,0.5228904324560927
0.5228904324560927,0.5548627011771137
0.5548627011771137,0.5218543019312106
0.5218543019312106,0.5713099699728842
0.5713099699728842,0.6178246959136415
0.6178246959136415,0.6621016185673623
0.6621016185673623,0.5391081365431006
0.5391081365431006,0.5915498755209014
0.5915498755209014,0.5211694000314292
0.5211694000314292,0.49251532662047254
0.49251532662047254,0.335464826750149
0.335464826750149,0.4666940332610638
0.4666940332610638,0.5176612647135865
0.5176612647135865,0.5528276059608359
0.5528276059608359,0.5340915731891899
0.5340915731891899,0.5994676917280207
0.5994676917280207,0.5384615384615384
