speed0,predictedSpeed
0.5654880338575726,0.29170319745259776
0.29170319745259776,0.2830817211561164
0.2830817211561164,0.3825447660407179
0.3825447660407179,0.5140274737301745
0.5140274737301745,0.3207831714183712
0.3207831714183712,0.47832888828689896
0.47832888828689896,0.6602437292760267
0.6602437292760267,0.5751543867451917
0.5751543867451917,0.610612682152617
0.610612682152617,0.564978878884276
0.564978878884276,0.5977570573442869
0.5977570573442869,0.4535323074563456
0.4535323074563456,0.5991770404325649
0.5991770404325649,0.548185264464581
0.548185264464581,0.5482012237251515
0.5482012237251515,0.6384399595782837
0.6384399595782837,0.6204938989587615
0.6204938989587615,0.5787957396655614
0.5787957396655614,0.6120759067548964
0.6120759067548964,0.5779413350589339
0.5779413350589339,0.5478709240787553
0.5478709240787553,0.6346622334268919
0.6346622334268919,0.5804842182304063
0.5804842182304063,0.543151321598048
0.543151321598048,0.6333527448122833
0.6333527448122833,0.38530769230769235
0.38530769230769235,0.5663309286471625
0.5663309286471625,0.579288130304033
0.579288130304033,0.6878176207997186
0.6878176207997186,0.5403859030830552
0.5403859030830552,0.6562199702691922
0.6562199702691922,0.6035331410691339
0.6035331410691339,0.747368917460838
0.747368917460838,0.35716802646170914
0.35716802646170914,0.4897033145958306
0.4897033145958306,0.5808069707769566
0.5808069707769566,0.5863280251154133
0.5863280251154133,0.5190430094596346
0.5190430094596346,0.6043745745802108
0.6043745745802108,0.7310421052405708
0.7310421052405708,0.5366695483163297
0.5366695483163297,0.565852476310879
0.565852476310879,0.6612776453746586
0.6612776453746586,0.6272002722421104
0.6272002722421104,0.6487482508298451
0.6487482508298451,0.6723663603832404
0.6723663603832404,0.5857512289363713
0.5857512289363713,0.4855706220638961
0.4855706220638961,0.5087632560424041
0.5087632560424041,0.47797669790223796
0.47797669790223796,0.4374773747669853
0.4374773747669853,0.7038115469212558
0.7038115469212558,0.7133228369145047
0.7133228369145047,0.5575526286870981
0.5575526286870981,0.5332616120142752
0.5332616120142752,0.5657289513968079
0.5657289513968079,0.6062054261336599
0.6062054261336599,0.6162873157628361
0.6162873157628361,0.1740469588881904
0.1740469588881904,0.32879532412303614
