speed0,predictedSpeed
0.6434993285508022,0.5180222497000692
0.5180222497000692,0.4134303663440026
0.4134303663440026,0.4916743148829939
0.4916743148829939,0.5147425022716141
0.5147425022716141,0.6065490010179804
0.6065490010179804,0.2799863771722256
0.2799863771722256,0.6591434858950019
0.6591434858950019,0.6221067594801278
0.6221067594801278,0.5586288010204206
0.5586288010204206,0.7202259110675846
0.7202259110675846,0.6915543596416409
0.6915543596416409,0.7477474815328103
0.7477474815328103,0.6581872808440921
0.6581872808440921,0.7248878669735245
0.7248878669735245,0.5626756182350809
0.5626756182350809,0.6757791297126141
0.6757791297126141,0.6524163362388885
0.6524163362388885,0.5078646685655229
0.5078646685655229,0.6433645904862865
0.6433645904862865,0.6194058986481478
0.6194058986481478,0.5493670936022697
0.5493670936022697,0.6065798887202857
0.6065798887202857,0.5283099161544708
0.5283099161544708,0.6673948717948719
0.6673948717948719,0.5864767793726742
0.5864767793726742,0.6710412872109639
0.6710412872109639,0.6492145459574652
0.6492145459574652,0.5712956126504132
0.5712956126504132,0.7032538586359451
0.7032538586359451,0.6615671879886629
0.6615671879886629,0.6031139618507738
0.6031139618507738,0.5258867760556498
0.5258867760556498,0.6211735066909275
0.6211735066909275,0.6289976938041691
0.6289976938041691,0.5927747660055979
0.5927747660055979,0.5732810862379373
0.5732810862379373,0.5986371228069569
0.5986371228069569,0.6269733925201555
0.6269733925201555,0.652986890861019
0.652986890861019,0.6435815465206258
0.6435815465206258,0.5820849589973228
0.5820849589973228,0.6442637892557098
0.6442637892557098,0.6231805360806286
0.6231805360806286,0.6046452281822292
0.6046452281822292,0.7110315339344234
0.7110315339344234,0.5323175904676515
0.5323175904676515,0.6777741853781193
0.6777741853781193,0.5815233154666891
0.5815233154666891,0.6453419938323535
0.6453419938323535,0.5903289727589347
0.5903289727589347,0.5859255647895223
0.5859255647895223,0.4440461538463224
0.4440461538463224,0.5254999764123327
0.5254999764123327,0.4020619842336413
0.4020619842336413,0.5111314004410455
0.5111314004410455,0.45984725791390396
0.45984725791390396,0.6338641163779555
0.6338641163779555,0.774325082087342
0.774325082087342,0.3826539564986843
0.3826539564986843,0.22303063584378927
