speed0,predictedSpeed
0.5525371329523745,0.6164930469976274
0.6164930469976274,0.4089742030012666
0.4089742030012666,0.43864425683587666
0.43864425683587666,0.49610112540155676
0.49610112540155676,0.5246114774249708
0.5246114774249708,0.36420015594867455
0.36420015594867455,0.5153032218798541
0.5153032218798541,0.4818227122662919
0.4818227122662919,0.4049460256410347
0.4049460256410347,0.5869817075146819
0.5869817075146819,0.49403948273690607
0.49403948273690607,0.6663549038914263
0.6663549038914263,0.5002694702280472
0.5002694702280472,0.5487171303352532
0.5487171303352532,0.6011565236692956
0.6011565236692956,0.6828849328460105
0.6828849328460105,0.625935256082702
0.625935256082702,0.6727043902138915
0.6727043902138915,0.6108474185122307
0.6108474185122307,0.5794530306420291
0.5794530306420291,0.572735504828031
0.572735504828031,0.632684234816157
0.632684234816157,0.6168783686914285
0.6168783686914285,0.5853480888906106
0.5853480888906106,0.6599861198203302
0.6599861198203302,0.7140630181129582
0.7140630181129582,0.6021742541283944
0.6021742541283944,0.646802095496864
0.646802095496864,0.645553826411564
0.645553826411564,0.5183473760959187
0.5183473760959187,0.6903634802272952
0.6903634802272952,0.6746448608191429
0.6746448608191429,0.5910227111507586
0.5910227111507586,0.5083287933249349
0.5083287933249349,0.5918738679265233
0.5918738679265233,0.6253181621012
0.6253181621012,0.7097990792349564
0.7097990792349564,0.6662494211857783
0.6662494211857783,0.5910528042043667
0.5910528042043667,0.5493906640864525
0.5493906640864525,0.3952430225101578
0.3952430225101578,0.36654056226737386
0.36654056226737386,0.21926691647992583
0.21926691647992583,0.28848402007817836
0.28848402007817836,0.6105369528057372
0.6105369528057372,0.5820893189235573
0.5820893189235573,0.5907715898959537
0.5907715898959537,0.6523317108503919
0.6523317108503919,0.5966669649202618
0.5966669649202618,0.6409862231399742
0.6409862231399742,0.5619230690136467
0.5619230690136467,0.6204351691589478
0.6204351691589478,0.3765018123658017
0.3765018123658017,0.5349447463514378
0.5349447463514378,0.650810163786763
0.650810163786763,0.6395614584790918
0.6395614584790918,0.6367614820212697
0.6367614820212697,0.565611062239088
0.565611062239088,0.46433296190982415
0.46433296190982415,0.5494426539896403
