speed0,predictedSpeed
0.5047358165156125,0.5843442586847816
0.5843442586847816,0.35653961446622423
0.35653961446622423,0.3850848191063101
0.3850848191063101,0.5663529831724411
0.5663529831724411,0.5294924123283549
0.5294924123283549,0.6778606096136263
0.6778606096136263,0.4696363568141056
0.4696363568141056,0.6030233026096474
0.6030233026096474,0.6723482765149911
0.6723482765149911,0.5472857346839077
0.5472857346839077,0.6774893290360093
0.6774893290360093,0.5515848079720861
0.5515848079720861,0.5527230472469313
0.5527230472469313,0.521506611287086
0.521506611287086,0.5998410694126662
0.5998410694126662,0.450628566792189
0.450628566792189,0.6651138461538462
0.6651138461538462,0.519274045628495
0.519274045628495,0.4268519642430238
0.4268519642430238,0.4856135994240511
0.4856135994240511,0.4629259956270326
0.4629259956270326,0.49672295561082924
0.49672295561082924,0.5254719234937207
0.5254719234937207,0.5194923125749541
0.5194923125749541,0.596975215793548
0.596975215793548,0.557157556986373
0.557157556986373,0.7461628516403713
0.7461628516403713,0.5899428116520751
0.5899428116520751,0.5804912553483982
0.5804912553483982,0.7038183685613404
0.7038183685613404,0.5777605770754893
0.5777605770754893,0.4086075810192748
0.4086075810192748,0.4619995896508992
0.4619995896508992,0.7432896135092654
0.7432896135092654,0.6233702939423652
0.6233702939423652,0.6847722643978948
0.6847722643978948,0.5901296746722909
0.5901296746722909,0.6012262210622923
0.6012262210622923,0.5505553235275343
0.5505553235275343,0.5360972012591273
0.5360972012591273,0.2663082783650237
0.2663082783650237,0.5606594542914505
0.5606594542914505,0.5663940232404682
0.5663940232404682,0.5823013309983596
0.5823013309983596,0.6111543721246492
0.6111543721246492,0.6684998762002808
0.6684998762002808,0.6030330916695353
0.6030330916695353,0.5482854580307374
0.5482854580307374,0.616614202295488
0.616614202295488,0.6808714959971595
0.6808714959971595,0.5982581471648686
0.5982581471648686,0.6463043523353433
0.6463043523353433,0.5720383381859647
0.5720383381859647,0.5659052802773231
0.5659052802773231,0.4971734246918818
0.4971734246918818,0.4451457295425359
0.4451457295425359,0.6873682522713587
0.6873682522713587,0.7145975278312455
0.7145975278312455,0.547739954495161
0.547739954495161,0.5283948572263029
