speed0,predictedSpeed
0.45169636714208994,0.45611110343628886
0.45611110343628886,0.671178229473418
0.671178229473418,0.3672184185304655
0.3672184185304655,0.39670016086403764
0.39670016086403764,0.3433316595022086
0.3433316595022086,0.5211561318745359
0.5211561318745359,0.5548379369046501
0.5548379369046501,0.6577359277275989
0.6577359277275989,0.3221558851601301
0.3221558851601301,0.6719343775751012
0.6719343775751012,0.587093267408392
0.587093267408392,0.5602080495792043
0.5602080495792043,0.53221486870255
0.53221486870255,0.43495166647007355
0.43495166647007355,0.5292351283556721
0.5292351283556721,0.45831652519751687
0.45831652519751687,0.4834712513932114
0.4834712513932114,0.7006911873100604
0.7006911873100604,0.5330597742222014
0.5330597742222014,0.6247565354503339
0.6247565354503339,0.3579006030225984
0.3579006030225984,0.6455666426112247
0.6455666426112247,0.37946230598723263
0.37946230598723263,0.451197811550164
0.451197811550164,0.5198429560235962
0.5198429560235962,0.5318672297270335
0.5318672297270335,0.547501665322395
0.547501665322395,0.5398603569204141
0.5398603569204141,0.5983160080941585
0.5983160080941585,0.6250668813904736
0.6250668813904736,0.5998247500877588
0.5998247500877588,0.3425670588337143
0.3425670588337143,0.7328861581589954
0.7328861581589954,0.5595669359221879
0.5595669359221879,0.6505997225161292
0.6505997225161292,0.33062277729989054
0.33062277729989054,0.6217523987122133
0.6217523987122133,0.6461538461538462
0.6461538461538462,0.3896004900888437
0.3896004900888437,0.48894931716945833
0.48894931716945833,0.6887726735860628
0.6887726735860628,0.42171513695605783
0.42171513695605783,0.6656689552020207
0.6656689552020207,0.5258666209398828
0.5258666209398828,0.6228355137582865
0.6228355137582865,0.6945989803425531
0.6945989803425531,0.5418968536730588
0.5418968536730588,0.520735159581201
0.520735159581201,0.6231297084773869
0.6231297084773869,0.4282423288168475
0.4282423288168475,0.6015378439705255
0.6015378439705255,0.5871831899858484
0.5871831899858484,0.6524280358963497
0.6524280358963497,0.5018804805444067
0.5018804805444067,0.34674087341752347
0.34674087341752347,0.5978283024367392
0.5978283024367392,0.5559318005385091
0.5559318005385091,0.5004031172482939
0.5004031172482939,0.440716520281957
0.440716520281957,0.07860211382855425
