speed0,predictedSpeed
0.500929818910696,0.5010825445459646
0.5010825445459646,0.2511669782988932
0.2511669782988932,0.4731172841261166
0.4731172841261166,0.6720845827219356
0.6720845827219356,0.5416042035931922
0.5416042035931922,0.5628171233632132
0.5628171233632132,0.6717596014817377
0.6717596014817377,0.4931010795107969
0.4931010795107969,0.6343359731996453
0.6343359731996453,0.4766433094144654
0.4766433094144654,0.6185468802465571
0.6185468802465571,0.5327911785645879
0.5327911785645879,0.48586153846153846
0.48586153846153846,0.5206846204476
0.5206846204476,0.637531338380728
0.637531338380728,0.5958177802492038
0.5958177802492038,0.5581227469588048
0.5581227469588048,0.6932769230769231
0.6932769230769231,0.6833398596415513
0.6833398596415513,0.6639093054509886
0.6639093054509886,0.6361105845160357
0.6361105845160357,0.5724399510035614
0.5724399510035614,0.5506804420932639
0.5506804420932639,0.5361551753631123
0.5361551753631123,0.39359611617350226
0.39359611617350226,0.6213239511147348
0.6213239511147348,0.5375874010676275
0.5375874010676275,0.5958459204928065
0.5958459204928065,0.5717319786786429
0.5717319786786429,0.6277316368945626
0.6277316368945626,0.5726627688003204
0.5726627688003204,0.5397591511418172
0.5397591511418172,0.5784524950377691
0.5784524950377691,0.5843468510606193
0.5843468510606193,0.5654985813426383
0.5654985813426383,0.6027408187184112
0.6027408187184112,0.6104023247081664
0.6104023247081664,0.5634061377884566
0.5634061377884566,0.5801713315705511
0.5801713315705511,0.6024908876674548
0.6024908876674548,0.6390932051453715
0.6390932051453715,0.5328511432955421
0.5328511432955421,0.5984784919672963
0.5984784919672963,0.6165482342275841
0.6165482342275841,0.5683550955855392
0.5683550955855392,0.528098183081039
0.528098183081039,0.6423729725013511
0.6423729725013511,0.589395945403651
0.589395945403651,0.5360509769283022
0.5360509769283022,0.5579609125595275
0.5579609125595275,0.623869001678911
0.623869001678911,0.46602336108418174
0.46602336108418174,0.5960211829375616
0.5960211829375616,0.7147591214484692
0.7147591214484692,0.594889127284977
0.594889127284977,0.5443538461538461
0.5443538461538461,0.5837741472914897
0.5837741472914897,0.5808941069773276
0.5808941069773276,0.40840701145718855
0.40840701145718855,0.08323171163480421
