speed0,predictedSpeed
0.2549886487256513,0.20043155512167957
0.20043155512167957,0.17214514291810684
0.17214514291810684,0.5198459821569483
0.5198459821569483,0.6760036996824976
0.6760036996824976,0.6670927480288515
0.6670927480288515,0.6059307692307693
0.6059307692307693,0.630921171836032
0.630921171836032,0.576232296967821
0.576232296967821,0.6451058660987127
0.6451058660987127,0.558085877805168
0.558085877805168,0.5698778462217634
0.5698778462217634,0.5083929355048371
0.5083929355048371,0.5670505245716241
0.5670505245716241,0.5424787505012836
0.5424787505012836,0.6053168160345017
0.6053168160345017,0.5756938504156293
0.5756938504156293,0.6124650837796983
0.6124650837796983,0.6006346108463869
0.6006346108463869,0.661658081569385
0.661658081569385,0.45331093086445823
0.45331093086445823,0.5848923076923077
0.5848923076923077,0.6586512820512821
0.6586512820512821,0.6584992586711594
0.6584992586711594,0.6741153846153846
0.6741153846153846,0.7143420972306754
0.7143420972306754,0.6667801001010573
0.6667801001010573,0.6247493191713632
0.6247493191713632,0.4846850814992514
0.4846850814992514,0.3467279880302638
0.3467279880302638,0.6203344150790805
0.6203344150790805,0.5701751522811881
0.5701751522811881,0.48899999999944704
0.48899999999944704,0.5175169272205813
0.5175169272205813,0.412401874008612
0.412401874008612,0.36184230769238007
0.36184230769238007,0.2971696795790423
0.2971696795790423,0.3959822990536757
0.3959822990536757,0.3542006252432948
0.3542006252432948,0.24102022840365184
0.24102022840365184,0.599171866675123
0.599171866675123,0.27742564102471945
0.27742564102471945,0.47559484394832346
0.47559484394832346,0.11781114135464839
0.11781114135464839,0.32889199763383414
0.32889199763383414,0.4258421136642526
0.4258421136642526,0.5047113575092711
0.5047113575092711,0.2806108781999226
0.2806108781999226,0.6285941366021829
0.6285941366021829,0.5442701133783221
0.5442701133783221,0.5826427727194636
0.5826427727194636,0.557518550111906
0.557518550111906,0.6077500221256208
0.6077500221256208,0.6
0.6,0.727884959069531
0.727884959069531,0.6128109915966464
0.6128109915966464,0.6191639710893303
0.6191639710893303,0.6592837019030565
0.6592837019030565,0.7224045631392325
0.7224045631392325,0.8307692307692308
0.8307692307692308,0.5507068107407171
