speed0,predictedSpeed
0.5295134670335434,0.6235056063756268
0.6235056063756268,0.5432837340436101
0.5432837340436101,0.5702261918864336
0.5702261918864336,0.5801315808018614
0.5801315808018614,0.6551164049553283
0.6551164049553283,0.7017439436366496
0.7017439436366496,0.5152505471417389
0.5152505471417389,0.34179458824054865
0.34179458824054865,0.463061254495989
0.463061254495989,0.5608128084042352
0.5608128084042352,0.5503457312435702
0.5503457312435702,0.5876332343408891
0.5876332343408891,0.6369290386058677
0.6369290386058677,0.6894554089670348
0.6894554089670348,0.705930953341237
0.705930953341237,0.5672122554051161
0.5672122554051161,0.5350799126905436
0.5350799126905436,0.5431051717531181
0.5431051717531181,0.5797197458854546
0.5797197458854546,0.6212088583031985
0.6212088583031985,0.5542136373219297
0.5542136373219297,0.5933508938367411
0.5933508938367411,0.6462518642271138
0.6462518642271138,0.5781788461586408
0.5781788461586408,0.5807375840737675
0.5807375840737675,0.5502708519966835
0.5502708519966835,0.5884636733422707
0.5884636733422707,0.6388625008620725
0.6388625008620725,0.6068133170304763
0.6068133170304763,0.5601000078783566
0.5601000078783566,0.6372861084307725
0.6372861084307725,0.4579265862592859
0.4579265862592859,0.5788039732856303
0.5788039732856303,0.6422678918360795
0.6422678918360795,0.5047394502516408
0.5047394502516408,0.5308178379293845
0.5308178379293845,0.6070167959408271
0.6070167959408271,0.6203558976758844
0.6203558976758844,0.5335842862091127
0.5335842862091127,0.6205250015274991
0.6205250015274991,0.6477006437596813
0.6477006437596813,0.6878682025692918
0.6878682025692918,0.7242076923076922
0.7242076923076922,0.5585408855324987
0.5585408855324987,0.5866744446898978
0.5866744446898978,0.6419895932531396
0.6419895932531396,0.6244546218971467
0.6244546218971467,0.5232494830799901
0.5232494830799901,0.5841286723849882
0.5841286723849882,0.6637106024643742
0.6637106024643742,0.5825624201375854
0.5825624201375854,0.6080153846153846
0.6080153846153846,0.597514053810029
0.597514053810029,0.47939666770788036
0.47939666770788036,0.541095378383602
0.541095378383602,0.6041779656597702
0.6041779656597702,0.5738542339893246
0.5738542339893246,0.607041176679138
0.607041176679138,0.676923076923077
0.676923076923077,0.3917294555387855
