speed0,predictedSpeed
0.5932999861881364,0.5321898462543907
0.5321898462543907,0.5959584410970229
0.5959584410970229,0.6985855580832898
0.6985855580832898,0.39922088590629395
0.39922088590629395,0.638038085153786
0.638038085153786,0.6270355058552644
0.6270355058552644,0.45010312874107267
0.45010312874107267,0.6144660836408042
0.6144660836408042,0.6559690734832182
0.6559690734832182,0.5828358196847093
0.5828358196847093,0.6770147050285421
0.6770147050285421,0.753861645771757
0.753861645771757,0.46140908291403726
0.46140908291403726,0.4369740046587535
0.4369740046587535,0.6005712806850279
0.6005712806850279,0.6085239080652862
0.6085239080652862,0.5612861014857246
0.5612861014857246,0.4868176482182571
0.4868176482182571,0.6135971293804567
0.6135971293804567,0.7088143196888917
0.7088143196888917,0.5300560522230267
0.5300560522230267,0.5986095626258024
0.5986095626258024,0.5179604087784367
0.5179604087784367,0.6666794553671941
0.6666794553671941,0.6353867996745952
0.6353867996745952,0.5394987096649049
0.5394987096649049,0.6415324355715005
0.6415324355715005,0.612829359552758
0.612829359552758,0.5991979856859733
0.5991979856859733,0.4998988708476809
0.4998988708476809,0.5329458316375838
0.5329458316375838,0.5425270038468107
0.5425270038468107,0.5951590508069429
0.5951590508069429,0.6629923076923077
0.6629923076923077,0.5311543504343416
0.5311543504343416,0.5304963771188056
0.5304963771188056,0.6254661285906256
0.6254661285906256,0.5530122102462818
0.5530122102462818,0.4612771392547199
0.4612771392547199,0.5426677704636985
0.5426677704636985,0.5561828710410776
0.5561828710410776,0.6807538908477662
0.6807538908477662,0.5394675595597804
0.5394675595597804,0.6013026895478815
0.6013026895478815,0.7102683764225363
0.7102683764225363,0.49270372476548124
0.49270372476548124,0.6449845997224497
0.6449845997224497,0.6221687222757574
0.6221687222757574,0.6085833554407858
0.6085833554407858,0.5445494963890142
0.5445494963890142,0.5633497926269406
0.5633497926269406,0.4677702759244184
0.4677702759244184,0.6062718430311069
0.6062718430311069,0.3907861730467668
0.3907861730467668,0.28697295054992655
0.28697295054992655,0.4648246934288138
0.4648246934288138,0.4153843497979519
0.4153843497979519,0.48875736343120413
0.48875736343120413,0.10553609253546811
0.10553609253546811,0.036964228703425486
