speed0,predictedSpeed
0.5406371090834063,0.519607656965841
0.519607656965841,0.4283986827912597
0.4283986827912597,0.6706395627477605
0.6706395627477605,0.515123982897863
0.515123982897863,0.459757419800124
0.459757419800124,0.5566264061881657
0.5566264061881657,0.579691657813513
0.579691657813513,0.6479447913148815
0.6479447913148815,0.5589974089626546
0.5589974089626546,0.568502501474623
0.568502501474623,0.6086704959427973
0.6086704959427973,0.4480750122070793
0.4480750122070793,0.4964225060878425
0.4964225060878425,0.61778109376751
0.61778109376751,0.6502722902369451
0.6502722902369451,0.6203418442729212
0.6203418442729212,0.6899916224944248
0.6899916224944248,0.6637323626014585
0.6637323626014585,0.4978172939161266
0.4978172939161266,0.6800713986962721
0.6800713986962721,0.6031545840042513
0.6031545840042513,0.6948619761177118
0.6948619761177118,0.5924492912627691
0.5924492912627691,0.5848882434261246
0.5848882434261246,0.5537929830950129
0.5537929830950129,0.6231249859877236
0.6231249859877236,0.5886081552179375
0.5886081552179375,0.7190136396187358
0.7190136396187358,0.5325704478457105
0.5325704478457105,0.5839592845370237
0.5839592845370237,0.5425491537475935
0.5425491537475935,0.6084806881954896
0.6084806881954896,0.5497153966656003
0.5497153966656003,0.6895303539096844
0.6895303539096844,0.7170089105144243
0.7170089105144243,0.6066492330989226
0.6066492330989226,0.5488497585958682
0.5488497585958682,0.6067169518103933
0.6067169518103933,0.6209122572074932
0.6209122572074932,0.5971251138856909
0.5971251138856909,0.5180383637419783
0.5180383637419783,0.45899957510141226
0.45899957510141226,0.36160832194386355
0.36160832194386355,0.7123434141510478
0.7123434141510478,0.5032945778163989
0.5032945778163989,0.586442133907657
0.586442133907657,0.6287134615384614
0.6287134615384614,0.651180883454902
0.651180883454902,0.47826169718263944
0.47826169718263944,0.5068381354985952
0.5068381354985952,0.5884079864092729
0.5884079864092729,0.578638550334377
0.578638550334377,0.5494751239005591
0.5494751239005591,0.1304968050264124
0.1304968050264124,0.15048114483173075
0.15048114483173075,0.6445241365962088
0.6445241365962088,0.4238330372051088
0.4238330372051088,0.39089457550282036
0.39089457550282036,0.5787698860397724
0.5787698860397724,0.4794402737580125
