speed0,predictedSpeed
0.7332853942891274,0.5293302461661558
0.5293302461661558,0.5718362988086435
0.5718362988086435,0.3652633174384481
0.3652633174384481,0.5779156207197909
0.5779156207197909,0.708409038229604
0.708409038229604,0.5383252926763069
0.5383252926763069,0.6560858395276037
0.6560858395276037,0.6080971304294962
0.6080971304294962,0.6504842594963116
0.6504842594963116,0.5634463088857703
0.5634463088857703,0.6394715217838609
0.6394715217838609,0.5336125973131938
0.5336125973131938,0.34192598738196167
0.34192598738196167,0.6028172445559724
0.6028172445559724,0.583811661100289
0.583811661100289,0.4636242853615321
0.4636242853615321,0.6334780878186664
0.6334780878186664,0.4280783144830402
0.4280783144830402,0.5252705616585025
0.5252705616585025,0.28988130074502566
0.28988130074502566,0.5593932068515192
0.5593932068515192,0.3981518640375237
0.3981518640375237,0.6665462144579788
0.6665462144579788,0.6311009878046987
0.6311009878046987,0.60207164425711
0.60207164425711,0.40822745272277317
0.40822745272277317,0.6802138636702187
0.6802138636702187,0.5402428538317252
0.5402428538317252,0.6850238008774439
0.6850238008774439,0.49350347917918236
0.49350347917918236,0.5895824739533665
0.5895824739533665,0.4647634280766746
0.4647634280766746,0.3690386040001751
0.3690386040001751,0.5833269315081581
0.5833269315081581,0.5495839509603894
0.5495839509603894,0.5770262897161302
0.5770262897161302,0.4036692307692308
0.4036692307692308,0.5033890840340282
0.5033890840340282,0.6857147191807325
0.6857147191807325,0.4956471866660435
0.4956471866660435,0.4921691960507064
0.4921691960507064,0.4929979984635361
0.4929979984635361,0.5472561160018782
0.5472561160018782,0.5898038260811866
0.5898038260811866,0.295977611267851
0.295977611267851,0.6149234522531167
0.6149234522531167,0.623910340100925
0.623910340100925,0.5270942084864819
0.5270942084864819,0.4642968892367951
0.4642968892367951,0.6584638203064388
0.6584638203064388,0.16174761359790962
0.16174761359790962,0.44055435035793217
0.44055435035793217,0.44694084731643235
0.44694084731643235,0.4661675782414155
0.4661675782414155,0.3479719894106531
0.3479719894106531,0.2101324824092538
0.2101324824092538,0.28409192715666354
0.28409192715666354,0.09407307986351006
0.09407307986351006,0.41725965077851984
0.41725965077851984,0.3649896300542708
