speed0,predictedSpeed
0.6625060093443393,0.598072516265801
0.598072516265801,0.37201270592925334
0.37201270592925334,0.44360755455899303
0.44360755455899303,0.38359545219926433
0.38359545219926433,0.5116668731211254
0.5116668731211254,0.6040014800309386
0.6040014800309386,0.6002286962877906
0.6002286962877906,0.6362144686718304
0.6362144686718304,0.5966868037860993
0.5966868037860993,0.3553866982413561
0.3553866982413561,0.4463229579576613
0.4463229579576613,0.3101188566612682
0.3101188566612682,0.5321136802329588
0.5321136802329588,0.48265432935111974
0.48265432935111974,0.7168725981350841
0.7168725981350841,0.2989551293084641
0.2989551293084641,0.29151488624677346
0.29151488624677346,0.31382679837571537
0.31382679837571537,0.519494506972543
0.519494506972543,0.6359587917596745
0.6359587917596745,0.4273275492457427
0.4273275492457427,0.5492303190830728
0.5492303190830728,0.49771707464561454
0.49771707464561454,0.3281957252699967
0.3281957252699967,0.6353016250314155
0.6353016250314155,0.4914094710138757
0.4914094710138757,0.676923076923077
0.676923076923077,0.7658236257710016
0.7658236257710016,0.521759849236425
0.521759849236425,0.48552698559165497
0.48552698559165497,0.2116356894019788
0.2116356894019788,0.532223595293995
0.532223595293995,0.5276556920889026
0.5276556920889026,0.7493077525202125
0.7493077525202125,0.41933090355617186
0.41933090355617186,0.6122346153846153
0.6122346153846153,0.5978033220790984
0.5978033220790984,0.40740137795460485
0.40740137795460485,0.7332630524694538
0.7332630524694538,0.5823464363610525
0.5823464363610525,0.5402010672341724
0.5402010672341724,0.5766211757416231
0.5766211757416231,0.386131034675335
0.386131034675335,0.6350481989337629
0.6350481989337629,0.5865467626437504
0.5865467626437504,0.591893456254764
0.591893456254764,0.4974914041118259
0.4974914041118259,0.6220381129359001
0.6220381129359001,0.4509358470457577
0.4509358470457577,0.48075425778659175
0.48075425778659175,0.5375216168287368
0.5375216168287368,0.6287321594616632
0.6287321594616632,0.6284494820734443
0.6284494820734443,0.309345754446783
0.309345754446783,0.1886410638400773
0.1886410638400773,0.49663093547675297
0.49663093547675297,0.07171548796259737
0.07171548796259737,0.5521206229901076
0.5521206229901076,0.32023416096995644
0.32023416096995644,0.4764200507904196
