speed0,predictedSpeed
0.3496547716721725,0.3654023766121463
0.3654023766121463,0.3970253577599159
0.3970253577599159,0.6052342045559368
0.6052342045559368,0.5652410849318774
0.5652410849318774,0.4801670278720321
0.4801670278720321,0.5861399534120503
0.5861399534120503,0.6041126118307347
0.6041126118307347,0.6253394238468841
0.6253394238468841,0.38882983592233045
0.38882983592233045,0.6290384615384615
0.6290384615384615,0.5773076923076923
0.5773076923076923,0.6210693689439655
0.6210693689439655,0.7189609710803526
0.7189609710803526,0.5266801658261486
0.5266801658261486,0.4149326901114748
0.4149326901114748,0.36196968547419356
0.36196968547419356,0.5423541644725051
0.5423541644725051,0.6398667709047916
0.6398667709047916,0.657097419745382
0.657097419745382,0.5708256974583091
0.5708256974583091,0.5765199236568332
0.5765199236568332,0.5958455443721424
0.5958455443721424,0.5434395848254706
0.5434395848254706,0.5624358433192597
0.5624358433192597,0.5985514180093464
0.5985514180093464,0.45358716945408034
0.45358716945408034,0.532839546772185
0.532839546772185,0.5934307692307692
0.5934307692307692,0.5624269152840268
0.5624269152840268,0.6019755821013816
0.6019755821013816,0.484384804797229
0.484384804797229,0.5818529560669506
0.5818529560669506,0.6622655185684463
0.6622655185684463,0.5153533372069893
0.5153533372069893,0.5757447928203041
0.5757447928203041,0.5065102347780871
0.5065102347780871,0.6761438691727008
0.6761438691727008,0.6648967406414232
0.6648967406414232,0.4720755046831179
0.4720755046831179,0.6676737142101447
0.6676737142101447,0.6262408196094386
0.6262408196094386,0.631292564172921
0.631292564172921,0.669748853386352
0.669748853386352,0.6184988348631455
0.6184988348631455,0.6315920118633719
0.6315920118633719,0.5880136946284183
0.5880136946284183,0.5693232523583016
0.5693232523583016,0.6065130919671999
0.6065130919671999,0.4927428830219008
0.4927428830219008,0.5797160733230357
0.5797160733230357,0.45940468187462274
0.45940468187462274,0.5313403437041293
0.5313403437041293,0.49697450319320013
0.49697450319320013,0.4794645453031313
0.4794645453031313,0.5053544305498454
0.5053544305498454,0.7084457092961891
0.7084457092961891,0.6453789489724004
0.6453789489724004,0.7072042560823428
0.7072042560823428,0.6285834929666764
0.6285834929666764,0.3875939670794322
