speed0,predictedSpeed
0.6229705995724336,0.3849519411848872
0.3849519411848872,0.5175796095094747
0.5175796095094747,0.5812167410735998
0.5812167410735998,0.4421785798120166
0.4421785798120166,0.5018681153815062
0.5018681153815062,0.5153846153846153
0.5153846153846153,0.5227863217449363
0.5227863217449363,0.5046874535016237
0.5046874535016237,0.6492286029156492
0.6492286029156492,0.7502448717948718
0.7502448717948718,0.36367365343315405
0.36367365343315405,0.5030392704684707
0.5030392704684707,0.5937486590734777
0.5937486590734777,0.4772597758716215
0.4772597758716215,0.614993148122072
0.614993148122072,0.5951245406467159
0.5951245406467159,0.633558938921733
0.633558938921733,0.5075658261242292
0.5075658261242292,0.7247226616019921
0.7247226616019921,0.7846153846153846
0.7846153846153846,0.5561340830007705
0.5561340830007705,0.6578780736117767
0.6578780736117767,0.5869078254056047
0.5869078254056047,0.6106270676937149
0.6106270676937149,0.5438535582593411
0.5438535582593411,0.44840270246376374
0.44840270246376374,0.7466143745408437
0.7466143745408437,0.6367219264240054
0.6367219264240054,0.6197645327514654
0.6197645327514654,0.568076547235413
0.568076547235413,0.6142421471006565
0.6142421471006565,0.35027553604287703
0.35027553604287703,0.531179532176421
0.531179532176421,0.6350700656040763
0.6350700656040763,0.4656855872431099
0.4656855872431099,0.6173486563278114
0.6173486563278114,0.5118230250889515
0.5118230250889515,0.4834074915250434
0.4834074915250434,0.34642743310870716
0.34642743310870716,0.5613630947361659
0.5613630947361659,0.6179629596351208
0.6179629596351208,0.43455972219988775
0.43455972219988775,0.6226103273729982
0.6226103273729982,0.6650847125617096
0.6650847125617096,0.6256342556007947
0.6256342556007947,0.6595420002346557
0.6595420002346557,0.5518474703733003
0.5518474703733003,0.5861631513829892
0.5861631513829892,0.6288545638267498
0.6288545638267498,0.7142766730904259
0.7142766730904259,0.6081259273803631
0.6081259273803631,0.5852992558214428
0.5852992558214428,0.5986125172481184
0.5986125172481184,0.681056513477275
0.681056513477275,0.6646013509554168
0.6646013509554168,0.4802275495306322
0.4802275495306322,0.550978595422755
0.550978595422755,0.6357048254770411
0.6357048254770411,0.6241585372469088
0.6241585372469088,0.6326252678280129
