speed0,predictedSpeed
0.6099906436921474,0.7376162957716599
0.7376162957716599,0.5822395306309461
0.5822395306309461,0.4423521199327421
0.4423521199327421,0.4276638054621429
0.4276638054621429,0.5209447457551294
0.5209447457551294,0.5822724097096192
0.5822724097096192,0.6660307374542453
0.6660307374542453,0.6768319315265916
0.6768319315265916,0.6644429592242417
0.6644429592242417,0.5972796644940125
0.5972796644940125,0.5496549851257211
0.5496549851257211,0.6743351542829559
0.6743351542829559,0.5155354465832149
0.5155354465832149,0.5758792663042943
0.5758792663042943,0.7445745801158963
0.7445745801158963,0.5364550878161772
0.5364550878161772,0.731990072547361
0.731990072547361,0.6399143234033361
0.6399143234033361,0.4629442281863163
0.4629442281863163,0.4782459812993201
0.4782459812993201,0.5623570017649114
0.5623570017649114,0.5514742191496866
0.5514742191496866,0.6141426286927872
0.6141426286927872,0.5767649525453091
0.5767649525453091,0.7229883507033711
0.7229883507033711,0.5931862450623167
0.5931862450623167,0.6075692572384147
0.6075692572384147,0.6914669152776711
0.6914669152776711,0.5365772794346576
0.5365772794346576,0.680395741792454
0.680395741792454,0.6170199930130613
0.6170199930130613,0.47002975379895395
0.47002975379895395,0.5999776110444021
0.5999776110444021,0.520806524884699
0.520806524884699,0.649588922899292
0.649588922899292,0.5814753760730187
0.5814753760730187,0.5427765178713353
0.5427765178713353,0.5045623789002055
0.5045623789002055,0.5527588336463042
0.5527588336463042,0.5817248089857092
0.5817248089857092,0.6766435778555459
0.6766435778555459,0.6168147382109035
0.6168147382109035,0.5206013784184477
0.5206013784184477,0.5806383608178751
0.5806383608178751,0.5082103730364746
0.5082103730364746,0.6036621231536832
0.6036621231536832,0.5738160914791638
0.5738160914791638,0.48296685394922495
0.48296685394922495,0.6605144138831258
0.6605144138831258,0.6004530273532444
0.6004530273532444,0.5688313481261087
0.5688313481261087,0.5694044440695202
0.5694044440695202,0.5018461538461539
0.5018461538461539,0.6817389100997454
0.6817389100997454,0.5441232130452229
0.5441232130452229,0.5155392759017537
0.5155392759017537,0.5893323366304273
0.5893323366304273,0.4772338778234154
0.4772338778234154,0.6243684808097392
0.6243684808097392,0.5903627679200807
