speed0,predictedSpeed
0.6308847713532835,0.49650921941658943
0.49650921941658943,0.4784156867882013
0.4784156867882013,0.4341793140348254
0.4341793140348254,0.5298416438366805
0.5298416438366805,0.36513740911471176
0.36513740911471176,0.574234852907329
0.574234852907329,0.6094054587595304
0.6094054587595304,0.6292055094761335
0.6292055094761335,0.5731062334843154
0.5731062334843154,0.7008494820785209
0.7008494820785209,0.5561026983500904
0.5561026983500904,0.6424363749073356
0.6424363749073356,0.5781468485431833
0.5781468485431833,0.6436692307692307
0.6436692307692307,0.5431080471631397
0.5431080471631397,0.6157127671874592
0.6157127671874592,0.5211730909375701
0.5211730909375701,0.5837133933420583
0.5837133933420583,0.5285160872112854
0.5285160872112854,0.45435113714584935
0.45435113714584935,0.5913896453258355
0.5913896453258355,0.29106037476605756
0.29106037476605756,0.7363153846153846
0.7363153846153846,0.5059837156480265
0.5059837156480265,0.585846900714836
0.585846900714836,0.5634257376510867
0.5634257376510867,0.6751256028993388
0.6751256028993388,0.6490499082658024
0.6490499082658024,0.5966369635337285
0.5966369635337285,0.666060447362775
0.666060447362775,0.6212767156502613
0.6212767156502613,0.6067135523525989
0.6067135523525989,0.46885998495952225
0.46885998495952225,0.5296446155657047
0.5296446155657047,0.6875635083434289
0.6875635083434289,0.5241648975272009
0.5241648975272009,0.5324360026974061
0.5324360026974061,0.4259692307692307
0.4259692307692307,0.6567182544795012
0.6567182544795012,0.5993257119325885
0.5993257119325885,0.5529245860447732
0.5529245860447732,0.634782593500316
0.634782593500316,0.7217965826996174
0.7217965826996174,0.6676830431170336
0.6676830431170336,0.5456416046811019
0.5456416046811019,0.5657819172790106
0.5657819172790106,0.6194332029776844
0.6194332029776844,0.4965009183863607
0.4965009183863607,0.4578441992424658
0.4578441992424658,0.29891546684290526
0.29891546684290526,0.29038205467334194
0.29038205467334194,0.7009337275102961
0.7009337275102961,0.33682152315114716
0.33682152315114716,0.4414772849780293
0.4414772849780293,0.5583645789086578
0.5583645789086578,0.5255039091412603
0.5255039091412603,0.40275004161412753
0.40275004161412753,0.5293517159283229
0.5293517159283229,0.21885794892017124
0.21885794892017124,0.27649659455783
