speed0,predictedSpeed
0.6991203390337029,0.47376973200937006
0.47376973200937006,0.6115036876694799
0.6115036876694799,0.5990850602557228
0.5990850602557228,0.4273230711472935
0.4273230711472935,0.6080486272368346
0.6080486272368346,0.7337461538461538
0.7337461538461538,0.4620420236451448
0.4620420236451448,0.6645374094792094
0.6645374094792094,0.562414958743747
0.562414958743747,0.4549959552782257
0.4549959552782257,0.5480092530605546
0.5480092530605546,0.448713706854315
0.448713706854315,0.5713304567836406
0.5713304567836406,0.5427543316353433
0.5427543316353433,0.5631129820005396
0.5631129820005396,0.6093434203182319
0.6093434203182319,0.6294352452481707
0.6294352452481707,0.5898552812721203
0.5898552812721203,0.5922903846153846
0.5922903846153846,0.699497396706479
0.699497396706479,0.7122252169950651
0.7122252169950651,0.5803930678486184
0.5803930678486184,0.6931733000122584
0.6931733000122584,0.5269470213403281
0.5269470213403281,0.5595776604826292
0.5595776604826292,0.6507549806371515
0.6507549806371515,0.5597166263301567
0.5597166263301567,0.6209841593313649
0.6209841593313649,0.3262801662684531
0.3262801662684531,0.5454100041127427
0.5454100041127427,0.4380000196212652
0.4380000196212652,0.4622553102471741
0.4622553102471741,0.6117937194651867
0.6117937194651867,0.2233174202575272
0.2233174202575272,0.6124383689519172
0.6124383689519172,0.5868391668197795
0.5868391668197795,0.5428866163836723
0.5428866163836723,0.5349235826401049
0.5349235826401049,0.41360954861543014
0.41360954861543014,0.5909589315712648
0.5909589315712648,0.5737731469124472
0.5737731469124472,0.6207730464442269
0.6207730464442269,0.6623324637314104
0.6623324637314104,0.6810398395453785
0.6810398395453785,0.6005453764997633
0.6005453764997633,0.5770473974089534
0.5770473974089534,0.654836844882442
0.654836844882442,0.6083609729039331
0.6083609729039331,0.6692496163936676
0.6692496163936676,0.6347883268872258
0.6347883268872258,0.6444047735743987
0.6444047735743987,0.5947862094953362
0.5947862094953362,0.5686333333333333
0.5686333333333333,0.4096866258995285
0.4096866258995285,0.26106084957257314
0.26106084957257314,0.2308706335311675
0.2308706335311675,0.003292377178485577
0.003292377178485577,0.4789895659570101
0.4789895659570101,0.7389709479089898
0.7389709479089898,0.5936271756532907
