speed0,predictedSpeed
0.6517410165254094,0.6497869347217837
0.6497869347217837,0.5915757461598433
0.5915757461598433,0.5434579489124056
0.5434579489124056,0.5495571552676314
0.5495571552676314,0.4759508173617308
0.4759508173617308,0.578495823473006
0.578495823473006,0.5550101091746033
0.5550101091746033,0.5381784040232822
0.5381784040232822,0.6553153846153846
0.6553153846153846,0.6191673904677466
0.6191673904677466,0.5289807644560773
0.5289807644560773,0.5326231681050376
0.5326231681050376,0.6388847040141238
0.6388847040141238,0.47522703421604107
0.47522703421604107,0.5926081372292283
0.5926081372292283,0.5803963853255527
0.5803963853255527,0.6053369182161267
0.6053369182161267,0.5486116248918068
0.5486116248918068,0.6370296281600891
0.6370296281600891,0.5429675240018661
0.5429675240018661,0.5937708008333954
0.5937708008333954,0.6903015764248787
0.6903015764248787,0.636704855999716
0.636704855999716,0.5674086612949255
0.5674086612949255,0.4609831726674642
0.4609831726674642,0.6087884836281292
0.6087884836281292,0.662689694299888
0.662689694299888,0.46687392463718275
0.46687392463718275,0.524452885396295
0.524452885396295,0.5984085370325302
0.5984085370325302,0.5675097527129069
0.5675097527129069,0.6249270847971419
0.6249270847971419,0.4336593070416871
0.4336593070416871,0.6552250453107122
0.6552250453107122,0.6648597804685898
0.6648597804685898,0.5280557832394939
0.5280557832394939,0.6689176838012898
0.6689176838012898,0.5268909149746728
0.5268909149746728,0.5946092749648919
0.5946092749648919,0.5850731769700135
0.5850731769700135,0.5720700426804605
0.5720700426804605,0.5680703367658818
0.5680703367658818,0.5148104149265156
0.5148104149265156,0.5268697949992532
0.5268697949992532,0.6186540761755484
0.6186540761755484,0.5288298030096324
0.5288298030096324,0.5626564279129717
0.5626564279129717,0.5175716318159324
0.5175716318159324,0.6428961538461538
0.6428961538461538,0.6424939396335423
0.6424939396335423,0.2908982343761685
0.2908982343761685,0.5499242062589467
0.5499242062589467,0.48398131490712215
0.48398131490712215,0.5078040333837184
0.5078040333837184,0.5601936725358575
0.5601936725358575,0.5643805935577177
0.5643805935577177,0.45890723880279805
0.45890723880279805,0.5945000800935272
0.5945000800935272,0.7692307692307693
0.7692307692307693,0.3889172131120128
