speed0,predictedSpeed
0.545681679338613,0.48441241546299385
0.48441241546299385,0.5800467563459889
0.5800467563459889,0.5308863281748457
0.5308863281748457,0.6001821450039406
0.6001821450039406,0.5837233331226369
0.5837233331226369,0.5384615384615384
0.5384615384615384,0.5692852634917714
0.5692852634917714,0.5113998745252629
0.5113998745252629,0.6466594426273193
0.6466594426273193,0.6121496786159074
0.6121496786159074,0.5935816550553797
0.5935816550553797,0.5712066236990299
0.5712066236990299,0.5063367862038283
0.5063367862038283,0.5366420135780807
0.5366420135780807,0.6001932279985839
0.6001932279985839,0.5163037306070619
0.5163037306070619,0.5193061180665729
0.5193061180665729,0.42337804398415657
0.42337804398415657,0.6034019019529858
0.6034019019529858,0.45236244632996064
0.45236244632996064,0.5684271720379277
0.5684271720379277,0.5374944843447712
0.5374944843447712,0.4863588023993984
0.4863588023993984,0.6775060818464199
0.6775060818464199,0.5153846153846153
0.5153846153846153,0.5541067363989717
0.5541067363989717,0.5378288870233918
0.5378288870233918,0.7066749180405623
0.7066749180405623,0.5300238165454658
0.5300238165454658,0.5996938136676264
0.5996938136676264,0.636062954067815
0.636062954067815,0.46339758346976817
0.46339758346976817,0.7576511506031446
0.7576511506031446,0.6704862181338042
0.6704862181338042,0.6477448809352998
0.6477448809352998,0.5911871089880227
0.5911871089880227,0.6185534932669848
0.6185534932669848,0.5349382131144828
0.5349382131144828,0.6113935729176109
0.6113935729176109,0.5890508040878074
0.5890508040878074,0.604161185762913
0.604161185762913,0.5986864779995543
0.5986864779995543,0.5938979629157785
0.5938979629157785,0.6002403867033783
0.6002403867033783,0.6060813868596315
0.6060813868596315,0.5965253661029136
0.5965253661029136,0.5883278044550462
0.5883278044550462,0.5914717101939981
0.5914717101939981,0.5516219652915652
0.5516219652915652,0.5782323318069907
0.5782323318069907,0.6423461538461538
0.6423461538461538,0.6809632720969065
0.6809632720969065,0.6164745851951688
0.6164745851951688,0.5244197058656365
0.5244197058656365,0.48815557474554844
0.48815557474554844,0.4440396098322936
0.4440396098322936,0.4967963018425492
0.4967963018425492,0.7943884615384615
0.7943884615384615,0.682051282051282
0.682051282051282,0.6069748960632125
