speed0,predictedSpeed
0.5093817665778029,0.4788914594334682
0.4788914594334682,0.3851335895442105
0.3851335895442105,0.4901950335071646
0.4901950335071646,0.631216720752788
0.631216720752788,0.40584740154525845
0.40584740154525845,0.54948693332163
0.54948693332163,0.5042571728753118
0.5042571728753118,0.597985536989156
0.597985536989156,0.5866902104967627
0.5866902104967627,0.6131
0.6131,0.6929383836266877
0.6929383836266877,0.5193878985878981
0.5193878985878981,0.5736418537941531
0.5736418537941531,0.5943076552655018
0.5943076552655018,0.5865886939094085
0.5865886939094085,0.5824566147525918
0.5824566147525918,0.45529620416310185
0.45529620416310185,0.5474798012750105
0.5474798012750105,0.6155845726444128
0.6155845726444128,0.44605440401871654
0.44605440401871654,0.49028460774764654
0.49028460774764654,0.4270596002205844
0.4270596002205844,0.6360807212500607
0.6360807212500607,0.6469021440258688
0.6469021440258688,0.7096111218216841
0.7096111218216841,0.6610615222587732
0.6610615222587732,0.646257627321527
0.646257627321527,0.6234599584164188
0.6234599584164188,0.5073458181465734
0.5073458181465734,0.65929344019168
0.65929344019168,0.6281036004346084
0.6281036004346084,0.5691202062397225
0.5691202062397225,0.6245017305883491
0.6245017305883491,0.5417524364758349
0.5417524364758349,0.5968778949804909
0.5968778949804909,0.6317138590789323
0.6317138590789323,0.6446794782132774
0.6446794782132774,0.49295295811927137
0.49295295811927137,0.536799361922089
0.536799361922089,0.6221332331181245
0.6221332331181245,0.490186134622127
0.490186134622127,0.4440662849278819
0.4440662849278819,0.5477074723066677
0.5477074723066677,0.4969988425119053
0.4969988425119053,0.5961701896246113
0.5961701896246113,0.5947723015723728
0.5947723015723728,0.7738307692307692
0.7738307692307692,0.5013641025641026
0.5013641025641026,0.6391755555363483
0.6391755555363483,0.626506905978367
0.626506905978367,0.29770213414769114
0.29770213414769114,0.6195283615774013
0.6195283615774013,0.5314082683000938
0.5314082683000938,0.31866567653922284
0.31866567653922284,0.5009055070717104
0.5009055070717104,0.558152984561287
0.558152984561287,0.4838022382683618
0.4838022382683618,0.6120732599815372
0.6120732599815372,0.7384615384615385
0.7384615384615385,0.6107378188432737
