speed0,predictedSpeed
0.5050804763965785,0.44001664314738786
0.44001664314738786,0.5938363894608597
0.5938363894608597,0.540853781675419
0.540853781675419,0.5950217104049292
0.5950217104049292,0.5760563368084003
0.5760563368084003,0.4334137702304435
0.4334137702304435,0.5996356026779681
0.5996356026779681,0.6681220911937817
0.6681220911937817,0.6743266967210136
0.6743266967210136,0.6160445695328058
0.6160445695328058,0.7298716991075266
0.7298716991075266,0.5363392101393161
0.5363392101393161,0.5406206769495554
0.5406206769495554,0.63932589365674
0.63932589365674,0.535870213512058
0.535870213512058,0.6819832016244167
0.6819832016244167,0.5544468932214008
0.5544468932214008,0.5857531496051592
0.5857531496051592,0.5942969058611418
0.5942969058611418,0.6052312225928915
0.6052312225928915,0.6001284650155349
0.6001284650155349,0.6734643067280649
0.6734643067280649,0.5582401691532001
0.5582401691532001,0.6127391328111027
0.6127391328111027,0.643668111287182
0.643668111287182,0.4809634275771165
0.4809634275771165,0.6435509342125373
0.6435509342125373,0.5449149520525555
0.5449149520525555,0.4157697026049227
0.4157697026049227,0.5629342623673101
0.5629342623673101,0.6343267048368041
0.6343267048368041,0.547027968049617
0.547027968049617,0.46602177849778686
0.46602177849778686,0.6747934063714761
0.6747934063714761,0.5369349748419651
0.5369349748419651,0.6422666579122683
0.6422666579122683,0.6974663542607261
0.6974663542607261,0.6882689455595874
0.6882689455595874,0.5771131063934583
0.5771131063934583,0.5163541256312139
0.5163541256312139,0.6661368506544643
0.6661368506544643,0.5846847758424548
0.5846847758424548,0.5442797945053481
0.5442797945053481,0.5753602527628934
0.5753602527628934,0.5588149672205411
0.5588149672205411,0.5489384224474332
0.5489384224474332,0.5054116743122453
0.5054116743122453,0.6429212128338411
0.6429212128338411,0.5914600166508679
0.5914600166508679,0.5827100886654274
0.5827100886654274,0.6454135795297108
0.6454135795297108,0.6051916604496946
0.6051916604496946,0.6976963548053176
0.6976963548053176,0.5120162867757917
0.5120162867757917,0.580081518340108
0.580081518340108,0.6768132109908499
0.6768132109908499,0.26820379013657325
0.26820379013657325,0.5409275483205938
0.5409275483205938,0.589184647725535
0.589184647725535,0.49688523882590363
