speed0,predictedSpeed
0.6615384615384615,0.18808485165743055
0.18808485165743055,0.5308981675700856
0.5308981675700856,0.5258698976196897
0.5258698976196897,0.5361631175184058
0.5361631175184058,0.4076923076923077
0.4076923076923077,0.5934084579935197
0.5934084579935197,0.6636805086081805
0.6636805086081805,0.616447900185305
0.616447900185305,0.568800052520132
0.568800052520132,0.7827855316084649
0.7827855316084649,0.7035884141695569
0.7035884141695569,0.6494813782991796
0.6494813782991796,0.6367865784215496
0.6367865784215496,0.5793509060982786
0.5793509060982786,0.5637372220310578
0.5637372220310578,0.6870360807017383
0.6870360807017383,0.5164230769230769
0.5164230769230769,0.6205458106392114
0.6205458106392114,0.6146950399618067
0.6146950399618067,0.7117875798718849
0.7117875798718849,0.7005491265069517
0.7005491265069517,0.6754849127190508
0.6754849127190508,0.5536028922564802
0.5536028922564802,0.6410256410256411
0.6410256410256411,0.5954598988765337
0.5954598988765337,0.6394070660445783
0.6394070660445783,0.702096173125327
0.702096173125327,0.6391285862057182
0.6391285862057182,0.7861129602355625
0.7861129602355625,0.7165839761861282
0.7165839761861282,0.5771130706433575
0.5771130706433575,0.5999355635408817
0.5999355635408817,0.58571938934249
0.58571938934249,0.6642482597018317
0.6642482597018317,0.3154424709239222
0.3154424709239222,0.6989788461538461
0.6989788461538461,0.5561512423059732
0.5561512423059732,0.634332868404174
0.634332868404174,0.6255849955837247
0.6255849955837247,0.5987724133612785
0.5987724133612785,0.6814788461538462
0.6814788461538462,0.6485922560531011
0.6485922560531011,0.6442568064218609
0.6442568064218609,0.6117545315750966
0.6117545315750966,0.48805183652246176
0.48805183652246176,0.5781248862075415
0.5781248862075415,0.6098862112455579
0.6098862112455579,0.5348596676021306
0.5348596676021306,0.5912771351164517
0.5912771351164517,0.6104232234910184
0.6104232234910184,0.6244449225569926
0.6244449225569926,0.5872307699093844
0.5872307699093844,0.6339609305959109
0.6339609305959109,0.534448333602912
0.534448333602912,0.5690530263104979
0.5690530263104979,0.5888552614364948
0.5888552614364948,0.5426493281394535
0.5426493281394535,0.6943162607546531
0.6943162607546531,0.8021573238803903
0.8021573238803903,0.648840501488382
