speed0,predictedSpeed
0.5765693404213166,0.617493666078749
0.617493666078749,0.5547075327451454
0.5547075327451454,0.5116888708643546
0.5116888708643546,0.43968114166416783
0.43968114166416783,0.6001112844705683
0.6001112844705683,0.6769106237217825
0.6769106237217825,0.6473677419576955
0.6473677419576955,0.6381087134457814
0.6381087134457814,0.6800669305149495
0.6800669305149495,0.7079679446184517
0.7079679446184517,0.6335242119618718
0.6335242119618718,0.5590942580241828
0.5590942580241828,0.4848634902307109
0.4848634902307109,0.5008062251663037
0.5008062251663037,0.5762076923076924
0.5762076923076924,0.6488960902441433
0.6488960902441433,0.44040779122656254
0.44040779122656254,0.610457131538994
0.610457131538994,0.5167898836653242
0.5167898836653242,0.5199182556823236
0.5199182556823236,0.6093476075903844
0.6093476075903844,0.6346113078899145
0.6346113078899145,0.6272743632044409
0.6272743632044409,0.5614555343334825
0.5614555343334825,0.5873533030239049
0.5873533030239049,0.6638307336647713
0.6638307336647713,0.6745667286409499
0.6745667286409499,0.662261569623911
0.662261569623911,0.7057654376137908
0.7057654376137908,0.5877848416584918
0.5877848416584918,0.5353109410025406
0.5353109410025406,0.5157104157270422
0.5157104157270422,0.671680609152745
0.671680609152745,0.5796911800266332
0.5796911800266332,0.5810966188680167
0.5810966188680167,0.6344045910283925
0.6344045910283925,0.6686411952977939
0.6686411952977939,0.5300334675945191
0.5300334675945191,0.5808193184681982
0.5808193184681982,0.6120429148550982
0.6120429148550982,0.583855137952804
0.583855137952804,0.6380758444756421
0.6380758444756421,0.5745437832828799
0.5745437832828799,0.5439770012733254
0.5439770012733254,0.3787690432468558
0.3787690432468558,0.6709179109484573
0.6709179109484573,0.6633594799241184
0.6633594799241184,0.6032858152230086
0.6032858152230086,0.592941659402174
0.592941659402174,0.6463060763079814
0.6463060763079814,0.6516470357376362
0.6516470357376362,0.6563353587275933
0.6563353587275933,0.6086571436298324
0.6086571436298324,0.6099087966138257
0.6099087966138257,0.5619284696418123
0.5619284696418123,0.5463490982550571
0.5463490982550571,0.521247070640225
0.521247070640225,0.5654556140408176
0.5654556140408176,0.3193294667436586
0.3193294667436586,0.16215289768606087
