speed0,predictedSpeed
0.49145341536099785,0.4718432230820667
0.4718432230820667,0.589949004043407
0.589949004043407,0.562230254493312
0.562230254493312,0.6487630665968995
0.6487630665968995,0.6038939039870771
0.6038939039870771,0.6412944082299223
0.6412944082299223,0.5486500774823615
0.5486500774823615,0.5942653618697219
0.5942653618697219,0.6277265154853229
0.6277265154853229,0.4681103086596429
0.4681103086596429,0.6495350800853745
0.6495350800853745,0.4810874187599768
0.4810874187599768,0.5854102088185975
0.5854102088185975,0.6373129572249089
0.6373129572249089,0.5613410003604582
0.5613410003604582,0.5027619043475914
0.5027619043475914,0.536083329588037
0.536083329588037,0.6101464385363838
0.6101464385363838,0.6154259134714486
0.6154259134714486,0.5351295407556801
0.5351295407556801,0.6322989398050689
0.6322989398050689,0.5488658872655783
0.5488658872655783,0.5786962263523201
0.5786962263523201,0.5636139899782175
0.5636139899782175,0.5284394464436406
0.5284394464436406,0.5691339601931948
0.5691339601931948,0.6056884284275128
0.6056884284275128,0.5793040171557229
0.5793040171557229,0.5028362642728945
0.5028362642728945,0.5997891278908343
0.5997891278908343,0.47033182253408623
0.47033182253408623,0.47817685416712724
0.47817685416712724,0.6055262284542277
0.6055262284542277,0.5182435897435897
0.5182435897435897,0.4896076923076923
0.4896076923076923,0.6487550512088777
0.6487550512088777,0.5986382461420373
0.5986382461420373,0.4440163049476293
0.4440163049476293,0.4961819841107111
0.4961819841107111,0.541511650812974
0.541511650812974,0.5082401380990331
0.5082401380990331,0.559278710313452
0.559278710313452,0.6415921351875425
0.6415921351875425,0.5039789425064023
0.5039789425064023,0.5669692892061983
0.5669692892061983,0.6304391507214652
0.6304391507214652,0.7076923076923077
0.7076923076923077,0.5695507942253429
0.5695507942253429,0.5432283392185149
0.5432283392185149,0.5389770963204156
0.5389770963204156,0.5964569931664443
0.5964569931664443,0.5075072448104502
0.5075072448104502,0.5808872477112145
0.5808872477112145,0.5494608863909027
0.5494608863909027,0.5858154235195978
0.5858154235195978,0.528905279523166
0.528905279523166,0.4876263381686442
0.4876263381686442,0.496675672917053
0.496675672917053,0.28835256216368466
0.28835256216368466,0.39130788905001856
