speed0,predictedSpeed
0.6561342389353729,0.6204411505346784
0.6204411505346784,0.43437722735938106
0.43437722735938106,0.6057684113160318
0.6057684113160318,0.6728102305736089
0.6728102305736089,0.5856148063438317
0.5856148063438317,0.6886554799204199
0.6886554799204199,0.5733353083443256
0.5733353083443256,0.6772092129926444
0.6772092129926444,0.5891454972325382
0.5891454972325382,0.654629941750895
0.654629941750895,0.5098804674739235
0.5098804674739235,0.5631106111754602
0.5631106111754602,0.556470362526222
0.556470362526222,0.5915655802773058
0.5915655802773058,0.6563446168218031
0.6563446168218031,0.4663844360946222
0.4663844360946222,0.554672019643737
0.554672019643737,0.5673457244974724
0.5673457244974724,0.5490342596651303
0.5490342596651303,0.5537056475416385
0.5537056475416385,0.5496982435444673
0.5496982435444673,0.5108851539919296
0.5108851539919296,0.49693512417420443
0.49693512417420443,0.804202640536838
0.804202640536838,0.5006320769561315
0.5006320769561315,0.2867358180790962
0.2867358180790962,0.6653409148140595
0.6653409148140595,0.548197444594073
0.548197444594073,0.5367574972461127
0.5367574972461127,0.5133230769230769
0.5133230769230769,0.5097258785403199
0.5097258785403199,0.5185891267834937
0.5185891267834937,0.5182505303725952
0.5182505303725952,0.6482149661859602
0.6482149661859602,0.5932041815231114
0.5932041815231114,0.5295505549325663
0.5295505549325663,0.6439096643547231
0.6439096643547231,0.518197631582033
0.518197631582033,0.5342033538352289
0.5342033538352289,0.48657614451748915
0.48657614451748915,0.6387398998256586
0.6387398998256586,0.5798074269991247
0.5798074269991247,0.682211020537934
0.682211020537934,0.5282747465574849
0.5282747465574849,0.5737104633676011
0.5737104633676011,0.6584879168805978
0.6584879168805978,0.6195049219945183
0.6195049219945183,0.3492561362309939
0.3492561362309939,0.5977008653988147
0.5977008653988147,0.6253218771187138
0.6253218771187138,0.5785414470893403
0.5785414470893403,0.3654945204243582
0.3654945204243582,0.5947359884364901
0.5947359884364901,0.6933679102063082
0.6933679102063082,0.45711591095539084
0.45711591095539084,0.5487771952614734
0.5487771952614734,0.711868350354192
0.711868350354192,0.5807331267523765
0.5807331267523765,0.28123131474690277
0.28123131474690277,0.5981300441279281
