speed0,predictedSpeed
0.49344729135532733,0.5656826911919137
0.5656826911919137,0.5458446628331387
0.5458446628331387,0.5357739343100664
0.5357739343100664,0.6955254802809833
0.6955254802809833,0.48701232585319615
0.48701232585319615,0.5717305194301546
0.5717305194301546,0.688826377782388
0.688826377782388,0.6035380316315095
0.6035380316315095,0.6259322779508566
0.6259322779508566,0.5214529327928629
0.5214529327928629,0.6413007768412525
0.6413007768412525,0.5200508974478925
0.5200508974478925,0.6662629769644346
0.6662629769644346,0.6230769230769231
0.6230769230769231,0.5929263259439249
0.5929263259439249,0.450589922441408
0.450589922441408,0.5921055315033749
0.5921055315033749,0.62008900348084
0.62008900348084,0.49915734654289257
0.49915734654289257,0.5801417647337552
0.5801417647337552,0.5245149220138265
0.5245149220138265,0.5732431120578043
0.5732431120578043,0.6541646412475431
0.6541646412475431,0.5927510448047338
0.5927510448047338,0.6169638467913345
0.6169638467913345,0.7416068732888635
0.7416068732888635,0.7198199529957385
0.7198199529957385,0.5243496766328444
0.5243496766328444,0.6743018147134721
0.6743018147134721,0.6704779203075466
0.6704779203075466,0.6858836365871033
0.6858836365871033,0.5846153846153846
0.5846153846153846,0.6758751082343976
0.6758751082343976,0.6123541477164036
0.6123541477164036,0.44928257358651935
0.44928257358651935,0.6993824258079668
0.6993824258079668,0.6528769973711336
0.6528769973711336,0.559354404407781
0.559354404407781,0.49921028955790453
0.49921028955790453,0.5840760581807307
0.5840760581807307,0.7535778804768172
0.7535778804768172,0.5653863013555068
0.5653863013555068,0.7060650451112679
0.7060650451112679,0.5491434187650042
0.5491434187650042,0.6829397261720935
0.6829397261720935,0.5834264663666389
0.5834264663666389,0.6026861928912725
0.6026861928912725,0.5986860740095304
0.5986860740095304,0.550720250744191
0.550720250744191,0.8071384615384615
0.8071384615384615,0.43963092046054997
0.43963092046054997,0.5892363479199394
0.5892363479199394,0.5860308025891598
0.5860308025891598,0.54826964486458
0.54826964486458,0.5282430076144192
0.5282430076144192,0.446505144345071
0.446505144345071,0.5516062667202717
0.5516062667202717,0.4121577497780322
0.4121577497780322,0.5634712527999209
0.5634712527999209,0.7792877204953832
