speed0,predictedSpeed
0.5512777885626396,0.5824193293785007
0.5824193293785007,0.5021948366199253
0.5021948366199253,0.6140048880295504
0.6140048880295504,0.6767501003932086
0.6767501003932086,0.650549303179832
0.650549303179832,0.5406844132688653
0.5406844132688653,0.5084867344492923
0.5084867344492923,0.6899878653576887
0.6899878653576887,0.6021705298925764
0.6021705298925764,0.686268391832951
0.686268391832951,0.5024386426197814
0.5024386426197814,0.5642567141367487
0.5642567141367487,0.651890183956273
0.651890183956273,0.5282692484191241
0.5282692484191241,0.6925907370032041
0.6925907370032041,0.6350483179507729
0.6350483179507729,0.6741137947375587
0.6741137947375587,0.6527946959550255
0.6527946959550255,0.5357114838243034
0.5357114838243034,0.6125436091927237
0.6125436091927237,0.5989984528783266
0.5989984528783266,0.7734092377924072
0.7734092377924072,0.5809089446882432
0.5809089446882432,0.4765071204551749
0.4765071204551749,0.6130993062359164
0.6130993062359164,0.5869287445922249
0.5869287445922249,0.6531323809706162
0.6531323809706162,0.6014967196269868
0.6014967196269868,0.6202731723834554
0.6202731723834554,0.6188468714017371
0.6188468714017371,0.6362718609698119
0.6362718609698119,0.7408280107975286
0.7408280107975286,0.6600700932897627
0.6600700932897627,0.5239912986081013
0.5239912986081013,0.6134638017306803
0.6134638017306803,0.6578106001207725
0.6578106001207725,0.44057145480406695
0.44057145480406695,0.7142116543270985
0.7142116543270985,0.679616770145339
0.679616770145339,0.6276716151026889
0.6276716151026889,0.5726230029639794
0.5726230029639794,0.6419383684617418
0.6419383684617418,0.7139031940111578
0.7139031940111578,0.635874126409867
0.635874126409867,0.6199816317763205
0.6199816317763205,0.5032298003505838
0.5032298003505838,0.654626151120864
0.654626151120864,0.5231585029997537
0.5231585029997537,0.5777061145866004
0.5777061145866004,0.579573717432226
0.579573717432226,0.5681909755346903
0.5681909755346903,0.5823652959849445
0.5823652959849445,0.609144046421042
0.609144046421042,0.4739890354381718
0.4739890354381718,0.6049521863364629
0.6049521863364629,0.6171390084486323
0.6171390084486323,0.580832573570331
0.580832573570331,0.6577769798211152
0.6577769798211152,0.5743170950831966
0.5743170950831966,0.6283539306965018
