speed0,predictedSpeed
0.6136661932643036,0.6471822664324784
0.6471822664324784,0.4867055183931747
0.4867055183931747,0.6510879191920546
0.6510879191920546,0.4175846153846154
0.4175846153846154,0.7043485168766639
0.7043485168766639,0.5845204594684787
0.5845204594684787,0.5886554069266308
0.5886554069266308,0.6232899854487975
0.6232899854487975,0.7036132247433917
0.7036132247433917,0.7221148765754989
0.7221148765754989,0.5623498853335943
0.5623498853335943,0.6410459131428774
0.6410459131428774,0.5818852473346832
0.5818852473346832,0.5007220851142078
0.5007220851142078,0.5754320512555784
0.5754320512555784,0.5574235971377874
0.5574235971377874,0.6211404807114927
0.6211404807114927,0.5889065894513863
0.5889065894513863,0.6296711191034167
0.6296711191034167,0.5052515402964117
0.5052515402964117,0.6030490111179445
0.6030490111179445,0.6324677316240132
0.6324677316240132,0.5413690920776602
0.5413690920776602,0.655436563587405
0.655436563587405,0.6067756277302883
0.6067756277302883,0.576237562322027
0.576237562322027,0.4398856456969613
0.4398856456969613,0.7476835376656282
0.7476835376656282,0.7296153846153846
0.7296153846153846,0.6162658454578724
0.6162658454578724,0.7164872157499732
0.7164872157499732,0.6142268023748572
0.6142268023748572,0.5405884377003272
0.5405884377003272,0.5936630142032384
0.5936630142032384,0.6650627433004442
0.6650627433004442,0.6267877092122367
0.6267877092122367,0.698804418381805
0.698804418381805,0.6933371007357777
0.6933371007357777,0.6969977294116361
0.6969977294116361,0.6843925005116596
0.6843925005116596,0.5431442443232956
0.5431442443232956,0.5420574462481258
0.5420574462481258,0.6727165491441685
0.6727165491441685,0.5441285519144495
0.5441285519144495,0.5861440714504476
0.5861440714504476,0.5897669431920961
0.5897669431920961,0.4819319503650614
0.4819319503650614,0.5845103387620993
0.5845103387620993,0.6070318577022334
0.6070318577022334,0.47403664370450016
0.47403664370450016,0.650928234222274
0.650928234222274,0.6633477380663159
0.6633477380663159,0.6909998209811389
0.6909998209811389,0.5284354716934718
0.5284354716934718,0.6097103030437796
0.6097103030437796,0.3141520951343592
0.3141520951343592,0.6795422916552307
0.6795422916552307,0.47096255965998296
0.47096255965998296,0.6461538461538462
0.6461538461538462,0.36923076923076925
