speed0,predictedSpeed
0.49152477531142713,0.5694040508673403
0.5694040508673403,0.5724800931033742
0.5724800931033742,0.5918090681909401
0.5918090681909401,0.41653454731754064
0.41653454731754064,0.575675279884661
0.575675279884661,0.5994663578151569
0.5994663578151569,0.5266148565819879
0.5266148565819879,0.47451969457077936
0.47451969457077936,0.5003398753016168
0.5003398753016168,0.6541064145573214
0.6541064145573214,0.6582702920208217
0.6582702920208217,0.5574694744264201
0.5574694744264201,0.5406279243721399
0.5406279243721399,0.5130314554807046
0.5130314554807046,0.5689540869693108
0.5689540869693108,0.5482118902052486
0.5482118902052486,0.5544349530306638
0.5544349530306638,0.6119096822796452
0.6119096822796452,0.5766735235781084
0.5766735235781084,0.6153016477918127
0.6153016477918127,0.27692307692307694
0.27692307692307694,0.30932249274198653
0.30932249274198653,0.6021904761446147
0.6021904761446147,0.562493572024969
0.562493572024969,0.525446328932716
0.525446328932716,0.5824099062551783
0.5824099062551783,0.6504457778824607
0.6504457778824607,0.6461289237320552
0.6461289237320552,0.6259578824630075
0.6259578824630075,0.5362977947353712
0.5362977947353712,0.5810810903725337
0.5810810903725337,0.5545053247062093
0.5545053247062093,0.6235090229541617
0.6235090229541617,0.4775199639801974
0.4775199639801974,0.5699715153330666
0.5699715153330666,0.5027503117206441
0.5027503117206441,0.5787885348354371
0.5787885348354371,0.5039038253630654
0.5039038253630654,0.6075754872953452
0.6075754872953452,0.536019845742342
0.536019845742342,0.6168623721192886
0.6168623721192886,0.655333513139443
0.655333513139443,0.6211677496384087
0.6211677496384087,0.6287153846153847
0.6287153846153847,0.6047578203823867
0.6047578203823867,0.5992342363700205
0.5992342363700205,0.5601773223711412
0.5601773223711412,0.6270793657736049
0.6270793657736049,0.5673218999282992
0.5673218999282992,0.6299078998098799
0.6299078998098799,0.5105282232389111
0.5105282232389111,0.5620932075969362
0.5620932075969362,0.5943899303068005
0.5943899303068005,0.5194922642668849
0.5194922642668849,0.6150892398644661
0.6150892398644661,0.5809482191609261
0.5809482191609261,0.7221063277029158
0.7221063277029158,0.38648970552883244
0.38648970552883244,0.6107548725909501
0.6107548725909501,0.5846153846153846
