speed0,predictedSpeed
0.4592062211977457,0.524046984981786
0.524046984981786,0.43141355264274617
0.43141355264274617,0.3290042104348137
0.3290042104348137,0.12223445012019231
0.12223445012019231,0.35435852344491386
0.35435852344491386,0.5322561946344783
0.5322561946344783,0.5817298838241396
0.5817298838241396,0.6759748350596899
0.6759748350596899,0.5824093843867463
0.5824093843867463,0.5966267040648485
0.5966267040648485,0.7470169462026526
0.7470169462026526,0.5735560355535333
0.5735560355535333,0.5307045414570186
0.5307045414570186,0.6786541854664324
0.6786541854664324,0.5295816721343597
0.5295816721343597,0.6387334628176402
0.6387334628176402,0.5489160314078143
0.5489160314078143,0.5649308340737378
0.5649308340737378,0.6147276357179227
0.6147276357179227,0.6677111370418201
0.6677111370418201,0.5898732321915717
0.5898732321915717,0.6660978534385251
0.6660978534385251,0.6132600941446166
0.6132600941446166,0.5698766699189034
0.5698766699189034,0.7384615384615385
0.7384615384615385,0.5863444261084312
0.5863444261084312,0.6006948676554076
0.6006948676554076,0.5144110368761629
0.5144110368761629,0.5998022848749834
0.5998022848749834,0.5118733610419973
0.5118733610419973,0.49331254621340553
0.49331254621340553,0.4336236845079751
0.4336236845079751,0.6620740240018305
0.6620740240018305,0.6170678628948053
0.6170678628948053,0.5856057105119814
0.5856057105119814,0.6403241634847
0.6403241634847,0.6781692307692309
0.6781692307692309,0.6713959471450736
0.6713959471450736,0.52745794776118
0.52745794776118,0.5524248093551698
0.5524248093551698,0.5910322873443212
0.5910322873443212,0.597961238091124
0.597961238091124,0.507390800521211
0.507390800521211,0.6284255529305212
0.6284255529305212,0.6465247461341427
0.6465247461341427,0.4243937574978974
0.4243937574978974,0.49041810485385173
0.49041810485385173,0.5615565393622338
0.5615565393622338,0.49624405970280566
0.49624405970280566,0.5585387060395905
0.5585387060395905,0.622321743698372
0.622321743698372,0.5965637186644372
0.5965637186644372,0.5653908694151697
0.5653908694151697,0.5444182173390067
0.5444182173390067,0.7163406432516801
0.7163406432516801,0.4844038908878649
0.4844038908878649,0.662561887613223
0.662561887613223,0.5324877399652094
0.5324877399652094,0.47206930900416494
0.47206930900416494,0.4633197082574382
