speed0,predictedSpeed
0.4797628838797495,0.514368851734401
0.514368851734401,0.5536720575227325
0.5536720575227325,0.5082156001575777
0.5082156001575777,0.31021109828486876
0.31021109828486876,0.6267076923076924
0.6267076923076924,0.4173595227848959
0.4173595227848959,0.5882126548968346
0.5882126548968346,0.6
0.6,0.5445501715683422
0.5445501715683422,0.5882541560670227
0.5882541560670227,0.5901459469405134
0.5901459469405134,0.5539153084456689
0.5539153084456689,0.6128873932957642
0.6128873932957642,0.5280402035039642
0.5280402035039642,0.660411670952993
0.660411670952993,0.5067067123263342
0.5067067123263342,0.5688241693216297
0.5688241693216297,0.6650285580175147
0.6650285580175147,0.5826846153846154
0.5826846153846154,0.4973584279302187
0.4973584279302187,0.690711802819625
0.690711802819625,0.6812090438729971
0.6812090438729971,0.6772184604518503
0.6772184604518503,0.6147378177031757
0.6147378177031757,0.5858499664970386
0.5858499664970386,0.7021028336347144
0.7021028336347144,0.7165813815174825
0.7165813815174825,0.6677881898754959
0.6677881898754959,0.5196340721359045
0.5196340721359045,0.6342634500196297
0.6342634500196297,0.7308102368601262
0.7308102368601262,0.6407585883650941
0.6407585883650941,0.6641025641025642
0.6641025641025642,0.5270363640961255
0.5270363640961255,0.6738038461538461
0.6738038461538461,0.4884978858265499
0.4884978858265499,0.5033229825878799
0.5033229825878799,0.5644417204713439
0.5644417204713439,0.6253528989698546
0.6253528989698546,0.6768160057733859
0.6768160057733859,0.4952762301026824
0.4952762301026824,0.6140290724752969
0.6140290724752969,0.6760901155586089
0.6760901155586089,0.7065147345167706
0.7065147345167706,0.7076923076923077
0.7076923076923077,0.5581347439753134
0.5581347439753134,0.6688153846153846
0.6688153846153846,0.758793150873001
0.758793150873001,0.5461538461538461
0.5461538461538461,0.6027334110989222
0.6027334110989222,0.7153846153846154
0.7153846153846154,0.7170086981353366
0.7170086981353366,0.561980184031237
0.561980184031237,0.7011809995856999
0.7011809995856999,0.5161060028819854
0.5161060028819854,0.5173238946484768
0.5173238946484768,0.5117768745773162
0.5117768745773162,0.5053544305498454
0.5053544305498454,0.5646330121585291
0.5646330121585291,0.7748628833436944
