speed0,predictedSpeed
0.5418258905268595,0.5970286480715351
0.5970286480715351,0.5562393370410514
0.5562393370410514,0.4868440000677035
0.4868440000677035,0.5321044846029773
0.5321044846029773,0.6185554972358128
0.6185554972358128,0.5325471149307587
0.5325471149307587,0.5645897113487809
0.5645897113487809,0.6650506787451439
0.6650506787451439,0.6627379739462531
0.6627379739462531,0.5639654491260334
0.5639654491260334,0.7061135912636849
0.7061135912636849,0.7721613903580414
0.7721613903580414,0.5463213483562
0.5463213483562,0.6464061698393246
0.6464061698393246,0.44984057987334264
0.44984057987334264,0.5328580037116892
0.5328580037116892,0.4821255327579844
0.4821255327579844,0.5471376617575863
0.5471376617575863,0.6621685548409068
0.6621685548409068,0.6524134288259544
0.6524134288259544,0.6818022029599455
0.6818022029599455,0.4220869761985653
0.4220869761985653,0.6526600741524603
0.6526600741524603,0.5126676923076923
0.5126676923076923,0.5598942599844262
0.5598942599844262,0.6237305962765223
0.6237305962765223,0.724592519226436
0.724592519226436,0.6458099899392847
0.6458099899392847,0.5614031561204358
0.5614031561204358,0.46945443372672874
0.46945443372672874,0.6119494198373913
0.6119494198373913,0.6005206366239713
0.6005206366239713,0.6002495884511009
0.6002495884511009,0.5412210492716422
0.5412210492716422,0.6920217308089853
0.6920217308089853,0.68623555842221
0.68623555842221,0.5330213933175291
0.5330213933175291,0.5635923069452508
0.5635923069452508,0.5537753540862699
0.5537753540862699,0.5390493960256723
0.5390493960256723,0.5920439112334166
0.5920439112334166,0.6663980250343547
0.6663980250343547,0.6053253060010578
0.6053253060010578,0.6732858598948592
0.6732858598948592,0.5862698655554187
0.5862698655554187,0.5999576966328085
0.5999576966328085,0.5438221336161967
0.5438221336161967,0.7082063252738128
0.7082063252738128,0.6658948758584348
0.6658948758584348,0.6629147995197555
0.6629147995197555,0.7138110709988462
0.7138110709988462,0.5403649194127214
0.5403649194127214,0.5934298923727148
0.5934298923727148,0.6942113895855344
0.6942113895855344,0.35448015038674224
0.35448015038674224,0.6764937300913922
0.6764937300913922,0.4533022716201469
0.4533022716201469,0.34312164126660866
0.34312164126660866,0.45971448444685276
0.45971448444685276,0.5865068388858022
