speed0,predictedSpeed
0.5748040486454388,0.5780878845944303
0.5780878845944303,0.41952940003118283
0.41952940003118283,0.45268390566604844
0.45268390566604844,0.6043493297995272
0.6043493297995272,0.5376705754426119
0.5376705754426119,0.5549187877349558
0.5549187877349558,0.6742351856899561
0.6742351856899561,0.5321880901933638
0.5321880901933638,0.475627569460081
0.475627569460081,0.683509202006057
0.683509202006057,0.5982923904833445
0.5982923904833445,0.5365666469600543
0.5365666469600543,0.7261909804504305
0.7261909804504305,0.6223009650912424
0.6223009650912424,0.6439496992348568
0.6439496992348568,0.5255872286774554
0.5255872286774554,0.5214567177805728
0.5214567177805728,0.5823025122684388
0.5823025122684388,0.7069941489456434
0.7069941489456434,0.5706120663315479
0.5706120663315479,0.560144614186635
0.560144614186635,0.688079568993261
0.688079568993261,0.6426983338347756
0.6426983338347756,0.5717293246739735
0.5717293246739735,0.5347186374026652
0.5347186374026652,0.6371797566212606
0.6371797566212606,0.6033156686430389
0.6033156686430389,0.6729282399674974
0.6729282399674974,0.6270053693155984
0.6270053693155984,0.5415119328974924
0.5415119328974924,0.5745646553083793
0.5745646553083793,0.690506966127722
0.690506966127722,0.6141331454125782
0.6141331454125782,0.7657681647967295
0.7657681647967295,0.6666666666666667
0.6666666666666667,0.6569440812610198
0.6569440812610198,0.5334821284458441
0.5334821284458441,0.5033285597245637
0.5033285597245637,0.5813941015015106
0.5813941015015106,0.6261743076329861
0.6261743076329861,0.6152090765426806
0.6152090765426806,0.48265774433462505
0.48265774433462505,0.6279080148943631
0.6279080148943631,0.4803066412268974
0.4803066412268974,0.6179208419064739
0.6179208419064739,0.523003895829023
0.523003895829023,0.626553817413801
0.626553817413801,0.5532322006052709
0.5532322006052709,0.5970826583530597
0.5970826583530597,0.5504043838246052
0.5504043838246052,0.606008761725357
0.606008761725357,0.48163971392075505
0.48163971392075505,0.5655942947473027
0.5655942947473027,0.5353550797905874
0.5353550797905874,0.5429925186053745
0.5429925186053745,0.5963033813547708
0.5963033813547708,0.6372642248852065
0.6372642248852065,0.18450307911211933
0.18450307911211933,0.003486046424278846
0.003486046424278846,0.2918159589847095
