speed0,predictedSpeed
0.5516513325041853,0.6405390639859284
0.6405390639859284,0.49334266541277944
0.49334266541277944,0.4174831628792136
0.4174831628792136,0.372096955424329
0.372096955424329,0.5401380901835602
0.5401380901835602,0.7282051282051282
0.7282051282051282,0.6004357158956065
0.6004357158956065,0.6180985263480367
0.6180985263480367,0.5020464155958065
0.5020464155958065,0.654710943308492
0.654710943308492,0.7401499660485094
0.7401499660485094,0.48758104092982785
0.48758104092982785,0.6878542726178065
0.6878542726178065,0.6638743079797452
0.6638743079797452,0.6194607329059211
0.6194607329059211,0.6907550813906091
0.6907550813906091,0.5696343168254526
0.5696343168254526,0.74499309228678
0.74499309228678,0.5871911262837859
0.5871911262837859,0.6552307692307693
0.6552307692307693,0.6088129452010781
0.6088129452010781,0.6305978098039114
0.6305978098039114,0.5643671298358437
0.5643671298358437,0.5370357441682505
0.5370357441682505,0.7516652961351199
0.7516652961351199,0.6072917675211441
0.6072917675211441,0.5225065956789023
0.5225065956789023,0.6757498642842004
0.6757498642842004,0.5291327525429077
0.5291327525429077,0.6309724787039848
0.6309724787039848,0.7085237099652197
0.7085237099652197,0.6389800032572621
0.6389800032572621,0.5725134615384615
0.5725134615384615,0.58365
0.58365,0.6591728127255865
0.6591728127255865,0.6843475163238247
0.6843475163238247,0.6021581261879515
0.6021581261879515,0.6703534477853756
0.6703534477853756,0.6474180020709321
0.6474180020709321,0.568614435435849
0.568614435435849,0.639105830265772
0.639105830265772,0.6694071786539255
0.6694071786539255,0.42327812922569147
0.42327812922569147,0.5488497585958682
0.5488497585958682,0.6615384615384615
0.6615384615384615,0.6391575486338229
0.6391575486338229,0.5585423646727342
0.5585423646727342,0.5819570507165958
0.5819570507165958,0.48349420047135633
0.48349420047135633,0.5929025074700716
0.5929025074700716,0.6828820512820513
0.6828820512820513,0.6440339313968184
0.6440339313968184,0.7209712973554235
0.7209712973554235,0.43664805534369094
0.43664805534369094,0.5341771858127302
0.5341771858127302,0.5384615384615384
0.5384615384615384,0.5865017604882804
0.5865017604882804,0.7384615384615385
0.7384615384615385,0.8606143745408437
0.8606143745408437,0.6431972600575897
