speed0,predictedSpeed
0.4341917384101947,0.32691278141251146
0.32691278141251146,0.4467043353770324
0.4467043353770324,0.512997943084451
0.512997943084451,0.2561726144200675
0.2561726144200675,0.44224504106618984
0.44224504106618984,0.5493661528292554
0.5493661528292554,0.6584970462714088
0.6584970462714088,0.5466911013720441
0.5466911013720441,0.6725198971216035
0.6725198971216035,0.6121694471472685
0.6121694471472685,0.6321171085680376
0.6321171085680376,0.6677543456013999
0.6677543456013999,0.6501056169160425
0.6501056169160425,0.6696376096835039
0.6696376096835039,0.6611190400255514
0.6611190400255514,0.6601292324885585
0.6601292324885585,0.6597077320697837
0.6597077320697837,0.5773194448724943
0.5773194448724943,0.6444583246482026
0.6444583246482026,0.7913229299889339
0.7913229299889339,0.5916825578051033
0.5916825578051033,0.6923588485901757
0.6923588485901757,0.6728490028721883
0.6728490028721883,0.6333418600339472
0.6333418600339472,0.5362093068519438
0.5362093068519438,0.6651435897435897
0.6651435897435897,0.5924623698273994
0.5924623698273994,0.6842696047579232
0.6842696047579232,0.8050030394935443
0.8050030394935443,0.6986655761229259
0.6986655761229259,0.46586241853209537
0.46586241853209537,0.613861081041378
0.613861081041378,0.5534318198739973
0.5534318198739973,0.6468258034889487
0.6468258034889487,0.588627087758109
0.588627087758109,0.605473865822509
0.605473865822509,0.7142444867715775
0.7142444867715775,0.5741479036016631
0.5741479036016631,0.47957696422618934
0.47957696422618934,0.5074857782506643
0.5074857782506643,0.650965533776965
0.650965533776965,0.6147839046093297
0.6147839046093297,0.6141140233007352
0.6141140233007352,0.6418278659245024
0.6418278659245024,0.5876087135125276
0.5876087135125276,0.6362755582897653
0.6362755582897653,0.5806997953463314
0.5806997953463314,0.6555977296010966
0.6555977296010966,0.666777344420748
0.666777344420748,0.6530703658813123
0.6530703658813123,0.6704220266301656
0.6704220266301656,0.5114602384709259
0.5114602384709259,0.6147211900270224
0.6147211900270224,0.4585668785098636
0.4585668785098636,0.5475510336346745
0.5475510336346745,0.597717362874039
0.597717362874039,0.5878244615108947
0.5878244615108947,0.4314346268920463
0.4314346268920463,0.14219693697415864
0.14219693697415864,0.6154104926132363
