speed0,predictedSpeed
0.22101435180493076,0.18336156444460464
0.18336156444460464,0.45692476412877353
0.45692476412877353,0.3308213204058139
0.3308213204058139,0.5847065279146132
0.5847065279146132,0.6354779067321946
0.6354779067321946,0.6746352463673445
0.6746352463673445,0.6774084898801618
0.6774084898801618,0.6086420446996204
0.6086420446996204,0.4577582618973914
0.4577582618973914,0.5784883338157337
0.5784883338157337,0.4670492462051714
0.4670492462051714,0.6134711671733938
0.6134711671733938,0.6253179465316085
0.6253179465316085,0.6226153846153846
0.6226153846153846,0.5846153846153846
0.5846153846153846,0.57744624276458
0.57744624276458,0.5812519148162103
0.5812519148162103,0.6926980232811499
0.6926980232811499,0.7074415329771266
0.7074415329771266,0.6021079268539381
0.6021079268539381,0.5469116074070609
0.5469116074070609,0.6314063291649537
0.6314063291649537,0.6384615384615384
0.6384615384615384,0.6153775456476641
0.6153775456476641,0.6496835815445958
0.6496835815445958,0.7543678739189958
0.7543678739189958,0.5469955028719655
0.5469955028719655,0.6468923076923078
0.6468923076923078,0.5047181285933874
0.5047181285933874,0.6439721104499329
0.6439721104499329,0.6008985593051493
0.6008985593051493,0.5719003838038704
0.5719003838038704,0.7737941276025891
0.7737941276025891,0.5217318902754272
0.5217318902754272,0.5558279396798298
0.5558279396798298,0.516034894461729
0.516034894461729,0.6024734571562135
0.6024734571562135,0.5221722400196913
0.5221722400196913,0.5824604415763538
0.5824604415763538,0.22430410645485888
0.22430410645485888,0.6509261893038386
0.6509261893038386,0.6128760587658282
0.6128760587658282,0.727396433634489
0.727396433634489,0.6182794871794871
0.6182794871794871,0.6001357141011708
0.6001357141011708,0.5450730147212204
0.5450730147212204,0.6182228718478795
0.6182228718478795,0.7358463033444997
0.7358463033444997,0.5635991749917805
0.5635991749917805,0.6192968387609643
0.6192968387609643,0.5054925186797032
0.5054925186797032,0.5301304803201801
0.5301304803201801,0.5112961384315939
0.5112961384315939,0.7633053924705535
0.7633053924705535,0.6798187004284166
0.6798187004284166,0.6519615384615385
0.6519615384615385,0.6911432139020797
0.6911432139020797,0.6364524471346823
0.6364524471346823,0.5926367281087618
0.5926367281087618,0.6979813836373845
