speed0,predictedSpeed
0.42358365378072066,0.5307897961855791
0.5307897961855791,0.5134615384615384
0.5134615384615384,0.443389933892355
0.443389933892355,0.6316575352925076
0.6316575352925076,0.37046084049218253
0.37046084049218253,0.7198258929497918
0.7198258929497918,0.6583689089951018
0.6583689089951018,0.528279260901419
0.528279260901419,0.583500506602698
0.583500506602698,0.5708204626978334
0.5708204626978334,0.7206600423764883
0.7206600423764883,0.6032330209217004
0.6032330209217004,0.6739502439217441
0.6739502439217441,0.6460440577662788
0.6460440577662788,0.6024276478139963
0.6024276478139963,0.5092190558812124
0.5092190558812124,0.6401041170479087
0.6401041170479087,0.5530110107164524
0.5530110107164524,0.7159674283699141
0.7159674283699141,0.684523706148798
0.684523706148798,0.457609577136331
0.457609577136331,0.7065421647666139
0.7065421647666139,0.6015193437912704
0.6015193437912704,0.7359615384615384
0.7359615384615384,0.6859553374352502
0.6859553374352502,0.5750035096342262
0.5750035096342262,0.7568245546603986
0.7568245546603986,0.5076911801622913
0.5076911801622913,0.7448014268113011
0.7448014268113011,0.5851382934233147
0.5851382934233147,0.6478939851589895
0.6478939851589895,0.7735128055684564
0.7735128055684564,0.6503651082287087
0.6503651082287087,0.5783624233892842
0.5783624233892842,0.5844892524548478
0.5844892524548478,0.6678205429123825
0.6678205429123825,0.5188389906890998
0.5188389906890998,0.5151866716214974
0.5151866716214974,0.5800063099007324
0.5800063099007324,0.5883978524419246
0.5883978524419246,0.6400594990980729
0.6400594990980729,0.6564151746793175
0.6564151746793175,0.6257409482862653
0.6257409482862653,0.5005067307037976
0.5005067307037976,0.5119420292894254
0.5119420292894254,0.4147612192502351
0.4147612192502351,0.7483895788813366
0.7483895788813366,0.5204769230769232
0.5204769230769232,0.5898955375894636
0.5898955375894636,0.5083836695472136
0.5083836695472136,0.529099765900963
0.529099765900963,0.5354791643902652
0.5354791643902652,0.641961148849073
0.641961148849073,0.5201095746466372
0.5201095746466372,0.4796689000980613
0.4796689000980613,0.5423604776391829
0.5423604776391829,0.6594207842656297
0.6594207842656297,0.4307692307692308
0.4307692307692308,0.3066654343897128
0.3066654343897128,0.5636888186964617
