speed0,predictedSpeed
0.5408162246176426,0.5035579620884748
0.5035579620884748,0.5987044539021142
0.5987044539021142,0.659586891587738
0.659586891587738,0.4484879265193445
0.4484879265193445,0.6666083992392589
0.6666083992392589,0.44540821752303256
0.44540821752303256,0.7386433976599803
0.7386433976599803,0.6646977025046241
0.6646977025046241,0.6817191990760201
0.6817191990760201,0.578467746207364
0.578467746207364,0.6783738276752828
0.6783738276752828,0.7536210558139745
0.7536210558139745,0.7420532571528036
0.7420532571528036,0.6291752086926414
0.6291752086926414,0.6692963311830589
0.6692963311830589,0.6336175033516596
0.6336175033516596,0.5875148468585348
0.5875148468585348,0.7153770434647027
0.7153770434647027,0.7137891757252691
0.7137891757252691,0.668868227845046
0.668868227845046,0.5796307692307693
0.5796307692307693,0.5964628134588175
0.5964628134588175,0.7977918677326388
0.7977918677326388,0.6353423076923077
0.6353423076923077,0.5947377687519515
0.5947377687519515,0.6783824926722597
0.6783824926722597,0.5831076150554154
0.5831076150554154,0.6077300871463845
0.6077300871463845,0.6649325716056264
0.6649325716056264,0.630241446291792
0.630241446291792,0.6405181278668286
0.6405181278668286,0.6087021601859971
0.6087021601859971,0.660010234763189
0.660010234763189,0.4798959327171779
0.4798959327171779,0.6655692250357591
0.6655692250357591,0.6987130183138363
0.6987130183138363,0.5769947139908117
0.5769947139908117,0.5293631261574984
0.5293631261574984,0.644769685871258
0.644769685871258,0.5192273988123506
0.5192273988123506,0.6680583265311305
0.6680583265311305,0.6851564434341141
0.6851564434341141,0.6443826466621246
0.6443826466621246,0.7298712710900687
0.7298712710900687,0.6771193811439393
0.6771193811439393,0.5597404380629003
0.5597404380629003,0.6785861429395359
0.6785861429395359,0.49536437545298134
0.49536437545298134,0.4290528329945678
0.4290528329945678,0.6409103517985695
0.6409103517985695,0.6014255154411977
0.6014255154411977,0.5241100919641289
0.5241100919641289,0.6367085487906086
0.6367085487906086,0.6467076923076923
0.6467076923076923,0.5632553637909741
0.5632553637909741,0.6534950735255931
0.6534950735255931,0.5902980306074701
0.5902980306074701,0.5896404639491605
0.5896404639491605,0.37377490512525663
0.37377490512525663,0.21029965765319636
