speed0,predictedSpeed
0.5895930667357271,0.5391595059065887
0.5391595059065887,0.55305323966748
0.55305323966748,0.5727334213415256
0.5727334213415256,0.6529966412292834
0.6529966412292834,0.7526681119535001
0.7526681119535001,0.7008947285313444
0.7008947285313444,0.5073776912733889
0.5073776912733889,0.6312627400556788
0.6312627400556788,0.5429665396694888
0.5429665396694888,0.45208264434815215
0.45208264434815215,0.5362506334125597
0.5362506334125597,0.5895527200687752
0.5895527200687752,0.7398769230769232
0.7398769230769232,0.599017106819287
0.599017106819287,0.4835497858645221
0.4835497858645221,0.5448103377071951
0.5448103377071951,0.576503523634149
0.576503523634149,0.5073862966084421
0.5073862966084421,0.5192430996783376
0.5192430996783376,0.621251265800165
0.621251265800165,0.5862051181206009
0.5862051181206009,0.7544722869102535
0.7544722869102535,0.7262219815937851
0.7262219815937851,0.7393751536069505
0.7393751536069505,0.6706423218398745
0.6706423218398745,0.6209655914474983
0.6209655914474983,0.60990105598602
0.60990105598602,0.5996546161899156
0.5996546161899156,0.5313366372168445
0.5313366372168445,0.5709500264849827
0.5709500264849827,0.5014748123893643
0.5014748123893643,0.672510410171782
0.672510410171782,0.5805778358636903
0.5805778358636903,0.5482681273936139
0.5482681273936139,0.557030620585839
0.557030620585839,0.5490409571599322
0.5490409571599322,0.6400613822412751
0.6400613822412751,0.6212705422057823
0.6212705422057823,0.5422164827651826
0.5422164827651826,0.4127485763140235
0.4127485763140235,0.6066182642960866
0.6066182642960866,0.600416421171497
0.600416421171497,0.662352458759786
0.662352458759786,0.7424959202867175
0.7424959202867175,0.6634427165232333
0.6634427165232333,0.5692307692307692
0.5692307692307692,0.5298069511354927
0.5298069511354927,0.6750066119476862
0.6750066119476862,0.4852087061032981
0.4852087061032981,0.7447013219481624
0.7447013219481624,0.39223335373941753
0.39223335373941753,0.33494542647271114
0.33494542647271114,0.7363169246544342
0.7363169246544342,0.33591291795347705
0.33591291795347705,0.5570982328333199
0.5570982328333199,0.5807208158098884
0.5807208158098884,0.7543984726007507
0.7543984726007507,0.6049939008433272
0.6049939008433272,0.5583502353942641
0.5583502353942641,0.24748401652419094
