speed0,predictedSpeed
0.4208943523186258,0.21711967853102113
0.21711967853102113,0.5559819213702114
0.5559819213702114,0.5479008907012987
0.5479008907012987,0.6332404989818722
0.6332404989818722,0.5203419243268609
0.5203419243268609,0.5134990042422155
0.5134990042422155,0.5117108004766805
0.5117108004766805,0.6281517366072866
0.6281517366072866,0.6535388061678845
0.6535388061678845,0.6660518638698125
0.6660518638698125,0.5183692307692308
0.5183692307692308,0.5769845591776935
0.5769845591776935,0.5465323816472599
0.5465323816472599,0.4421591833660735
0.4421591833660735,0.47196251378148457
0.47196251378148457,0.5168309115411288
0.5168309115411288,0.5562096899143312
0.5562096899143312,0.7340171489370735
0.7340171489370735,0.5377940734681781
0.5377940734681781,0.6698769230769231
0.6698769230769231,0.5036355929341797
0.5036355929341797,0.556629094118646
0.556629094118646,0.534308768230941
0.534308768230941,0.5960035245921714
0.5960035245921714,0.4935329306638638
0.4935329306638638,0.5538054575643867
0.5538054575643867,0.6220551279209078
0.6220551279209078,0.5949164543509777
0.5949164543509777,0.6650913573160618
0.6650913573160618,0.5549122675765101
0.5549122675765101,0.6573340134295331
0.6573340134295331,0.6034345697019612
0.6034345697019612,0.6698158488600298
0.6698158488600298,0.629193438515041
0.629193438515041,0.6269042374725498
0.6269042374725498,0.6296591590209678
0.6296591590209678,0.6612877654956085
0.6612877654956085,0.6554679089854165
0.6554679089854165,0.4547360345450362
0.4547360345450362,0.5858865740071851
0.5858865740071851,0.6506412867828402
0.6506412867828402,0.5563112468144681
0.5563112468144681,0.6914240603191364
0.6914240603191364,0.48733846153846155
0.48733846153846155,0.4889667165410784
0.4889667165410784,0.6584996187275179
0.6584996187275179,0.5942564724524785
0.5942564724524785,0.6326024190698408
0.6326024190698408,0.5581180597234208
0.5581180597234208,0.7345055235243977
0.7345055235243977,0.5341834064383103
0.5341834064383103,0.4843709899749736
0.4843709899749736,0.5325126605914252
0.5325126605914252,0.6658848058614524
0.6658848058614524,0.5439929041534162
0.5439929041534162,0.5649798273263787
0.5649798273263787,0.48675596435797125
0.48675596435797125,0.722869986194587
0.722869986194587,0.6256074084371682
0.6256074084371682,0.21575076763446516
