speed0,predictedSpeed
0.667647560398888,0.46962980331775506
0.46962980331775506,0.4679932250457466
0.4679932250457466,0.520531125993467
0.520531125993467,0.4797208154267301
0.4797208154267301,0.7232294111800441
0.7232294111800441,0.6335800806698269
0.6335800806698269,0.6072828968068137
0.6072828968068137,0.6355799842031292
0.6355799842031292,0.6225557965730607
0.6225557965730607,0.6031841946447486
0.6031841946447486,0.537179897483894
0.537179897483894,0.6825077354452693
0.6825077354452693,0.48013305478179275
0.48013305478179275,0.5797409539659902
0.5797409539659902,0.6556616978248156
0.6556616978248156,0.7027483260019132
0.7027483260019132,0.5692307692307692
0.5692307692307692,0.6826281815119525
0.6826281815119525,0.6280151612331655
0.6280151612331655,0.4858251118529482
0.4858251118529482,0.5637442365719337
0.5637442365719337,0.565328822809725
0.565328822809725,0.6643010208091091
0.6643010208091091,0.625897074973499
0.625897074973499,0.7120617521102311
0.7120617521102311,0.6082587821391701
0.6082587821391701,0.6391070826539782
0.6391070826539782,0.631521079613536
0.631521079613536,0.6676731723834554
0.6676731723834554,0.5984292816585864
0.5984292816585864,0.5705804649031762
0.5705804649031762,0.6292461538461538
0.6292461538461538,0.6001081843838662
0.6001081843838662,0.5105723439224682
0.5105723439224682,0.5508169063056465
0.5508169063056465,0.5569541523285597
0.5569541523285597,0.6459568061366416
0.6459568061366416,0.6304933329870989
0.6304933329870989,0.6636246151081383
0.6636246151081383,0.6146875708807634
0.6146875708807634,0.6877004628710098
0.6877004628710098,0.6154852727421767
0.6154852727421767,0.632635401946465
0.632635401946465,0.5797801336203335
0.5797801336203335,0.6367688837651169
0.6367688837651169,0.6174895271691323
0.6174895271691323,0.6039267668135877
0.6039267668135877,0.5505092377088694
0.5505092377088694,0.5711822773655824
0.5711822773655824,0.7545574573045905
0.7545574573045905,0.543752815815737
0.543752815815737,0.6121402477849085
0.6121402477849085,0.8106691564317633
0.8106691564317633,0.5650907556575143
0.5650907556575143,0.49688055859191216
0.49688055859191216,0.5156519216560589
0.5156519216560589,0.29356961943639376
0.29356961943639376,0.01074176441898117
0.01074176441898117,0.32551862905689266
0.32551862905689266,0.6824542738718812
