speed0,predictedSpeed
0.7117066903581144,0.5823748981618884
0.5823748981618884,0.4857620063633639
0.4857620063633639,0.5454628205128206
0.5454628205128206,0.5877718423639707
0.5877718423639707,0.6631442977473166
0.6631442977473166,0.6302471425264824
0.6302471425264824,0.6735873414692031
0.6735873414692031,0.5190881648022826
0.5190881648022826,0.5667643152956385
0.5667643152956385,0.47467156895985996
0.47467156895985996,0.6442678657251291
0.6442678657251291,0.4872904304501539
0.4872904304501539,0.5161756799018045
0.5161756799018045,0.6146466750606209
0.6146466750606209,0.49516713281915614
0.49516713281915614,0.6382708097263619
0.6382708097263619,0.5983533708554293
0.5983533708554293,0.5591852996343268
0.5591852996343268,0.5688651137658339
0.5688651137658339,0.4900530275512893
0.4900530275512893,0.6147692873170444
0.6147692873170444,0.5458210899449909
0.5458210899449909,0.533887936701572
0.533887936701572,0.5324149467261556
0.5324149467261556,0.5282267272114055
0.5282267272114055,0.49310963361992105
0.49310963361992105,0.6154365202442555
0.6154365202442555,0.724620697274005
0.724620697274005,0.645546339178166
0.645546339178166,0.6620230769230769
0.6620230769230769,0.48098434384778416
0.48098434384778416,0.6797127460662098
0.6797127460662098,0.5205732017715315
0.5205732017715315,0.5583616923471736
0.5583616923471736,0.6578935004470977
0.6578935004470977,0.6708792276035337
0.6708792276035337,0.5296666134961878
0.5296666134961878,0.6157259921286842
0.6157259921286842,0.6077536526925931
0.6077536526925931,0.48880653576544425
0.48880653576544425,0.49096494577372074
0.49096494577372074,0.6222230613821117
0.6222230613821117,0.6274034377747131
0.6274034377747131,0.4772922283049976
0.4772922283049976,0.610128246403703
0.610128246403703,0.6991202575858722
0.6991202575858722,0.5759059097746617
0.5759059097746617,0.6506645185693742
0.6506645185693742,0.6306182517169857
0.6306182517169857,0.6522536663781584
0.6522536663781584,0.565455930507311
0.565455930507311,0.5391797738469712
0.5391797738469712,0.554648955412234
0.554648955412234,0.6571838969111542
0.6571838969111542,0.3977091212046713
0.3977091212046713,0.5719948717948717
0.5719948717948717,0.5418879329348655
0.5418879329348655,0.6076750889514805
0.6076750889514805,0.5846153846153846
0.5846153846153846,0.5635609000389318
