speed0,predictedSpeed
0.41755561795799373,0.5689434283507727
0.5689434283507727,0.6311634512056782
0.6311634512056782,0.3974481450794431
0.3974481450794431,0.1318842175526815
0.1318842175526815,0.6396106034462238
0.6396106034462238,0.26193600276514495
0.26193600276514495,0.49865375550364766
0.49865375550364766,0.19430822344978596
0.19430822344978596,0.43120798642197095
0.43120798642197095,0.5006022745141238
0.5006022745141238,0.5888107812465939
0.5888107812465939,0.5397771712267266
0.5397771712267266,0.5926195762872482
0.5926195762872482,0.3222757475205714
0.3222757475205714,0.4895528830601957
0.4895528830601957,0.392255958864701
0.392255958864701,0.5401531698355317
0.5401531698355317,0.6585680283995874
0.6585680283995874,0.5661372772910805
0.5661372772910805,0.4378570652118522
0.4378570652118522,0.1710843921960788
0.1710843921960788,0.5423576778612009
0.5423576778612009,0.08283987121582032
0.08283987121582032,0.6331451187584216
0.6331451187584216,0.5222465023106617
0.5222465023106617,0.660897126841031
0.660897126841031,0.6480535942126032
0.6480535942126032,0.5109623733675063
0.5109623733675063,0.34127973732889605
0.34127973732889605,0.4909114550984815
0.4909114550984815,0.26436943876871494
0.26436943876871494,0.5977437067849101
0.5977437067849101,0.35779306187876764
0.35779306187876764,0.528582148293216
0.528582148293216,0.5838430612111497
0.5838430612111497,0.6017413532156215
0.6017413532156215,0.5865825700322337
0.5865825700322337,0.521458175416607
0.521458175416607,0.6661718188420889
0.6661718188420889,0.3299785716132181
0.3299785716132181,0.20645311795748197
0.20645311795748197,0.5952620576985326
0.5952620576985326,0.5399252123636791
0.5399252123636791,0.44019756175416236
0.44019756175416236,0.36788210719073045
0.36788210719073045,0.49353929322796625
0.49353929322796625,0.3557489752671894
0.3557489752671894,0.4617117908225138
0.4617117908225138,0.3417900431168874
0.3417900431168874,0.5065125881935542
0.5065125881935542,0.15338740789910843
0.15338740789910843,0.48878933081722964
0.48878933081722964,0.5656105392065629
0.5656105392065629,0.42206714311397436
0.42206714311397436,0.3399555342880681
0.3399555342880681,0.3544562049900285
0.3544562049900285,0.574279029213373
0.574279029213373,0.5210547449743154
0.5210547449743154,0.20897146329391494
0.20897146329391494,0.3960674697904032
