speed0,predictedSpeed
0.5132872623511361,0.34533030058925196
0.34533030058925196,0.34025846153846157
0.34025846153846157,0.449085621236877
0.449085621236877,0.5109075984705103
0.5109075984705103,0.6257968398195699
0.6257968398195699,0.6649009216663868
0.6649009216663868,0.540647109428741
0.540647109428741,0.6686332737976393
0.6686332737976393,0.49516270920257804
0.49516270920257804,0.5951610818394519
0.5951610818394519,0.45591535600684485
0.45591535600684485,0.5991298553110259
0.5991298553110259,0.21918798584747012
0.21918798584747012,0.4845780020647036
0.4845780020647036,0.5239357497980879
0.5239357497980879,0.35576187205409465
0.35576187205409465,0.46872303472133764
0.46872303472133764,0.8353846153846154
0.8353846153846154,0.72120891948033
0.72120891948033,0.5781303699817633
0.5781303699817633,0.6676207588397421
0.6676207588397421,0.5604878946472267
0.5604878946472267,0.3449438407683392
0.3449438407683392,0.5839274485096808
0.5839274485096808,0.6083625969668278
0.6083625969668278,0.6536598837755787
0.6536598837755787,0.6348633868453318
0.6348633868453318,0.47881566436966533
0.47881566436966533,0.6329582648226285
0.6329582648226285,0.5672563613535553
0.5672563613535553,0.47799159948819026
0.47799159948819026,0.6683252896125345
0.6683252896125345,0.6174778366702286
0.6174778366702286,0.5648027374829314
0.5648027374829314,0.34721970384147044
0.34721970384147044,0.7557133292957556
0.7557133292957556,0.5362715264021257
0.5362715264021257,0.09851915690782027
0.09851915690782027,0.5824920140880995
0.5824920140880995,0.6213027150604402
0.6213027150604402,0.5884893254741699
0.5884893254741699,0.4149661580615504
0.4149661580615504,0.6651906367280601
0.6651906367280601,0.47702598329649226
0.47702598329649226,0.6604250861502492
0.6604250861502492,0.4822954165926307
0.4822954165926307,0.6415990766995562
0.6415990766995562,0.6069213157555927
0.6069213157555927,0.5620699886550689
0.5620699886550689,0.568835594171887
0.568835594171887,0.545041819514422
0.545041819514422,0.6461882535460604
0.6461882535460604,0.7315027679803563
0.7315027679803563,0.6134333516503079
0.6134333516503079,0.606706742893221
0.606706742893221,0.5919972008088312
0.5919972008088312,0.4684353922929337
0.4684353922929337,0.7083020149902856
0.7083020149902856,0.6703846153846155
0.6703846153846155,0.7054650507912276
