speed0,predictedSpeed
0.5957110282702325,0.581206150835075
0.581206150835075,0.3674562189692773
0.3674562189692773,0.5150647686023009
0.5150647686023009,0.38108019231487406
0.38108019231487406,0.6742531033651947
0.6742531033651947,0.6409799078302536
0.6409799078302536,0.48496754898991223
0.48496754898991223,0.7227674486463892
0.7227674486463892,0.5878650943959491
0.5878650943959491,0.5851932385753431
0.5851932385753431,0.7415446827327379
0.7415446827327379,0.6493647114525205
0.6493647114525205,0.6191647832813836
0.6191647832813836,0.5811022976315924
0.5811022976315924,0.8182885717236843
0.8182885717236843,0.7191406436268584
0.7191406436268584,0.5639193047822495
0.5639193047822495,0.5562205506538196
0.5562205506538196,0.4752662180140306
0.4752662180140306,0.567801488537184
0.567801488537184,0.5370680574673051
0.5370680574673051,0.5943093149816644
0.5943093149816644,0.5992481680214063
0.5992481680214063,0.6759552318040267
0.6759552318040267,0.6736820405906666
0.6736820405906666,0.539206370492622
0.539206370492622,0.5168459983437776
0.5168459983437776,0.5641207322726229
0.5641207322726229,0.5425142209857581
0.5425142209857581,0.48805846633536926
0.48805846633536926,0.5878610741708105
0.5878610741708105,0.688507589625336
0.688507589625336,0.7063081881686097
0.7063081881686097,0.6295665139229218
0.6295665139229218,0.5563868846967748
0.5563868846967748,0.574680485030586
0.574680485030586,0.5554515598921235
0.5554515598921235,0.5716513274406685
0.5716513274406685,0.8132538461538461
0.8132538461538461,0.5606225462375304
0.5606225462375304,0.6888992101043391
0.6888992101043391,0.6343707233039886
0.6343707233039886,0.7407895269325719
0.7407895269325719,0.6356701681766395
0.6356701681766395,0.5788578615267325
0.5788578615267325,0.5428313592907376
0.5428313592907376,0.5523516206221555
0.5523516206221555,0.5774682338826813
0.5774682338826813,0.6161282060874286
0.6161282060874286,0.6032616230360995
0.6032616230360995,0.6400925419524477
0.6400925419524477,0.6232413737001519
0.6232413737001519,0.5233115901847555
0.5233115901847555,0.5803128048521559
0.5803128048521559,0.6835442602699777
0.6835442602699777,0.651508177758023
0.651508177758023,0.6278458821561774
0.6278458821561774,0.5527549452028466
0.5527549452028466,0.46934303459998905
0.46934303459998905,0.598291446106611
