speed0,predictedSpeed
0.4187879513471554,0.2630018039690639
0.2630018039690639,0.6184021820883968
0.6184021820883968,0.6760044839163397
0.6760044839163397,0.537320677716651
0.537320677716651,0.40277322205481225
0.40277322205481225,0.6037690760696406
0.6037690760696406,0.4608730416887817
0.4608730416887817,0.6807692307692308
0.6807692307692308,0.3553983021412535
0.3553983021412535,0.6241978249134394
0.6241978249134394,0.6792576368942093
0.6792576368942093,0.6443804384766704
0.6443804384766704,0.6747449490106883
0.6747449490106883,0.6114307692307692
0.6114307692307692,0.6292254343140988
0.6292254343140988,0.5917266005910503
0.5917266005910503,0.6174067762494752
0.6174067762494752,0.5998093862651558
0.5998093862651558,0.6292856882987782
0.6292856882987782,0.569749159882421
0.569749159882421,0.7294886647836857
0.7294886647836857,0.5875240695262897
0.5875240695262897,0.5605444943019136
0.5605444943019136,0.48279010808033235
0.48279010808033235,0.6554768140310879
0.6554768140310879,0.5917225962817274
0.5917225962817274,0.6623079060499848
0.6623079060499848,0.7363337594423203
0.7363337594423203,0.5688788586519745
0.5688788586519745,0.7054048269811953
0.7054048269811953,0.6612579441803134
0.6612579441803134,0.5695322955364381
0.5695322955364381,0.2012153846153846
0.2012153846153846,0.5798710338443385
0.5798710338443385,0.6095321878027669
0.6095321878027669,0.5960428434672207
0.5960428434672207,0.6014791154668934
0.6014791154668934,0.4261845082740465
0.4261845082740465,0.49971231156596374
0.49971231156596374,0.5102476273462756
0.5102476273462756,0.6903446278828742
0.6903446278828742,0.7826447965357377
0.7826447965357377,0.6779645734675411
0.6779645734675411,0.7068948717948718
0.7068948717948718,0.6629830241132342
0.6629830241132342,0.5081009323427599
0.5081009323427599,0.587254545045517
0.587254545045517,0.7149143924655479
0.7149143924655479,0.49964480859554783
0.49964480859554783,0.46497562309550444
0.46497562309550444,0.6545486449819445
0.6545486449819445,0.6280798110999274
0.6280798110999274,0.5492039691903344
0.5492039691903344,0.522246845046201
0.522246845046201,0.6104107813012453
0.6104107813012453,0.4855269143153819
0.4855269143153819,0.5464521007452731
0.5464521007452731,0.4942611409706403
0.4942611409706403,0.8011076923076923
0.8011076923076923,0.5045248524845035
