speed0,predictedSpeed
0.5398683214364685,0.5264257165254413
0.5264257165254413,0.43088234017407295
0.43088234017407295,0.6435089840084616
0.6435089840084616,0.6656072862233726
0.6656072862233726,0.6514170539059432
0.6514170539059432,0.6456535653079136
0.6456535653079136,0.4892653776685633
0.4892653776685633,0.7017893285052301
0.7017893285052301,0.5656873582917471
0.5656873582917471,0.5922058154593598
0.5922058154593598,0.6257534566086075
0.6257534566086075,0.542160568935151
0.542160568935151,0.6089475552713113
0.6089475552713113,0.47807117428205453
0.47807117428205453,0.5198019658653659
0.5198019658653659,0.7250483911812431
0.7250483911812431,0.5988149739364902
0.5988149739364902,0.5942281481635064
0.5942281481635064,0.5818838761729515
0.5818838761729515,0.5950264842374489
0.5950264842374489,0.5945580242523247
0.5945580242523247,0.6096361383555294
0.6096361383555294,0.6144731345814656
0.6144731345814656,0.5279907672865612
0.5279907672865612,0.5924466293078312
0.5924466293078312,0.7170040041488348
0.7170040041488348,0.61080212618816
0.61080212618816,0.660852833035579
0.660852833035579,0.6607148644561062
0.6607148644561062,0.7208150409544807
0.7208150409544807,0.5346802895762155
0.5346802895762155,0.5702673828095586
0.5702673828095586,0.6983350083171764
0.6983350083171764,0.6947899751089737
0.6947899751089737,0.6168649906833401
0.6168649906833401,0.7147881440279931
0.7147881440279931,0.36832931556639015
0.36832931556639015,0.5846108834219376
0.5846108834219376,0.6490964938236071
0.6490964938236071,0.5860296069719312
0.5860296069719312,0.6579687926939034
0.6579687926939034,0.6003750735576128
0.6003750735576128,0.6353583715292602
0.6353583715292602,0.7010761714313091
0.7010761714313091,0.6698132083759387
0.6698132083759387,0.5283728242933629
0.5283728242933629,0.6042913922823063
0.6042913922823063,0.6810504591950871
0.6810504591950871,0.6690229079592387
0.6690229079592387,0.5892783441366387
0.5892783441366387,0.7140666921527928
0.7140666921527928,0.5706248131950689
0.5706248131950689,0.5121331002892375
0.5121331002892375,0.6401841286767017
0.6401841286767017,0.5152812639947226
0.5152812639947226,0.6918515370461237
0.6918515370461237,0.25956290130735676
0.25956290130735676,0.5295998763702364
0.5295998763702364,0.26897930354419186
0.26897930354419186,0.17006528589225123
