speed0,predictedSpeed
0.6593421470264543,0.6094230769230768
0.6094230769230768,0.4731779323241755
0.4731779323241755,0.5627705836402992
0.5627705836402992,0.5016669637879252
0.5016669637879252,0.6123402735217048
0.6123402735217048,0.5715381921047407
0.5715381921047407,0.5700760582347917
0.5700760582347917,0.5194384006897514
0.5194384006897514,0.5838354034816792
0.5838354034816792,0.257063404407365
0.257063404407365,0.5902615184488441
0.5902615184488441,0.5857989332270649
0.5857989332270649,0.6411272431094283
0.6411272431094283,0.5749730777743154
0.5749730777743154,0.5774858290104423
0.5774858290104423,0.6191696998404513
0.6191696998404513,0.4659914605818928
0.4659914605818928,0.628145197469857
0.628145197469857,0.5930144100426342
0.5930144100426342,0.5764218785837097
0.5764218785837097,0.47328025231075943
0.47328025231075943,0.5652954231713001
0.5652954231713001,0.6046214345388913
0.6046214345388913,0.5874506909106548
0.5874506909106548,0.5779681719940606
0.5779681719940606,0.6203622675471254
0.6203622675471254,0.7350803578762529
0.7350803578762529,0.6433407561040791
0.6433407561040791,0.44578210196063267
0.44578210196063267,0.651337542413722
0.651337542413722,0.7275162967635437
0.7275162967635437,0.5795891402855751
0.5795891402855751,0.5680183063756722
0.5680183063756722,0.5368322850024454
0.5368322850024454,0.6700418534704049
0.6700418534704049,0.7391116098371808
0.7391116098371808,0.30898141285868186
0.30898141285868186,0.584887815363779
0.584887815363779,0.5985221513212793
0.5985221513212793,0.649398970023918
0.649398970023918,0.7023800826718049
0.7023800826718049,0.6314350611395552
0.6314350611395552,0.6166063432026789
0.6166063432026789,0.6014298446608433
0.6014298446608433,0.6657676053722956
0.6657676053722956,0.6562688568457262
0.6562688568457262,0.6226112600693907
0.6226112600693907,0.6653846153846154
0.6653846153846154,0.6796074066314676
0.6796074066314676,0.5733288478722658
0.5733288478722658,0.46418966998423156
0.46418966998423156,0.6139620840697916
0.6139620840697916,0.5144799402925215
0.5144799402925215,0.5653187011966788
0.5653187011966788,0.7817232159083827
0.7817232159083827,0.11788404337665925
0.11788404337665925,0.1733642227015267
0.1733642227015267,0.6725983583871222
0.6725983583871222,0.6583221944059614
0.6583221944059614,0.4636941701789179
