speed0,predictedSpeed
0.5359697335900189,0.5764113921606123
0.5764113921606123,0.46683682691098305
0.46683682691098305,0.48072771695999517
0.48072771695999517,0.5744067754072328
0.5744067754072328,0.5953292024995974
0.5953292024995974,0.4547189373480541
0.4547189373480541,0.6005975536984185
0.6005975536984185,0.564076411380781
0.564076411380781,0.7149993591659684
0.7149993591659684,0.6959505975450238
0.6959505975450238,0.6007577115053577
0.6007577115053577,0.6512429116596943
0.6512429116596943,0.5444740756474328
0.5444740756474328,0.556593038258478
0.556593038258478,0.6605467575193822
0.6605467575193822,0.4473008957391975
0.4473008957391975,0.4848021866698266
0.4848021866698266,0.5576923076923077
0.5576923076923077,0.41550598353951096
0.41550598353951096,0.5749815431748667
0.5749815431748667,0.5427161911803964
0.5427161911803964,0.5180365473727512
0.5180365473727512,0.5442976097205486
0.5442976097205486,0.6328112026218161
0.6328112026218161,0.6387006959904862
0.6387006959904862,0.3973667267730375
0.3973667267730375,0.6278538461538461
0.6278538461538461,0.5125316701598623
0.5125316701598623,0.6108691221835337
0.6108691221835337,0.64255
0.64255,0.35409555866976905
0.35409555866976905,0.6836187270075834
0.6836187270075834,0.5213199685138312
0.5213199685138312,0.5563514440989794
0.5563514440989794,0.4452953275130954
0.4452953275130954,0.6356461538461539
0.6356461538461539,0.41908165456243895
0.41908165456243895,0.5232914840702002
0.5232914840702002,0.5362194314244263
0.5362194314244263,0.6164384522138824
0.6164384522138824,0.7772180221830677
0.7772180221830677,0.5657191513259627
0.5657191513259627,0.6017298017853644
0.6017298017853644,0.44696153846153847
0.44696153846153847,0.5639112274171693
0.5639112274171693,0.5194154417250096
0.5194154417250096,0.7116887866528789
0.7116887866528789,0.40592820512820516
0.40592820512820516,0.43268869188970865
0.43268869188970865,0.5593479533592529
0.5593479533592529,0.7054918923712229
0.7054918923712229,0.4621484935956452
0.4621484935956452,0.5889018484397195
0.5889018484397195,0.4966858786602375
0.4966858786602375,0.5364789213242219
0.5364789213242219,0.5253280740476604
0.5253280740476604,0.668632268608028
0.668632268608028,0.7494579209349472
0.7494579209349472,0.6694184406465341
0.6694184406465341,0.1447769751915565
