speed0,predictedSpeed
0.6558995651661808,0.23688156602283258
0.23688156602283258,0.6441065170652103
0.6441065170652103,0.599986428922447
0.599986428922447,0.5449937826408888
0.5449937826408888,0.6157262430520114
0.6157262430520114,0.6710865867409035
0.6710865867409035,0.5184257315856965
0.5184257315856965,0.4730270825739514
0.4730270825739514,0.27097379244290865
0.27097379244290865,0.5962039644240316
0.5962039644240316,0.4975838774022264
0.4975838774022264,0.6098029577509955
0.6098029577509955,0.696428780131581
0.696428780131581,0.6730702153690874
0.6730702153690874,0.6118369978567681
0.6118369978567681,0.5408752919240992
0.5408752919240992,0.5994482426079044
0.5994482426079044,0.646469137446183
0.646469137446183,0.5328691478929977
0.5328691478929977,0.5981255745044266
0.5981255745044266,0.652890597552683
0.652890597552683,0.4811025641025641
0.4811025641025641,0.6103200410038394
0.6103200410038394,0.5913354830212669
0.5913354830212669,0.5887811900717596
0.5887811900717596,0.6518080178067025
0.6518080178067025,0.7488773805996551
0.7488773805996551,0.6109617125603994
0.6109617125603994,0.8456865464664933
0.8456865464664933,0.6885400496446368
0.6885400496446368,0.6240347932032348
0.6240347932032348,0.5623617995759169
0.5623617995759169,0.7179461538461538
0.7179461538461538,0.5033215362601104
0.5033215362601104,0.709626317630264
0.709626317630264,0.468472828314611
0.468472828314611,0.5724605906733519
0.5724605906733519,0.6443876158748745
0.6443876158748745,0.6024099685046738
0.6024099685046738,0.49749960211880806
0.49749960211880806,0.6151355648986568
0.6151355648986568,0.653510099828799
0.653510099828799,0.5846153846153846
0.5846153846153846,0.556875190800674
0.556875190800674,0.43135243291721725
0.43135243291721725,0.2561555679676853
0.2561555679676853,0.3712133951510478
0.3712133951510478,0.5154307399433564
0.5154307399433564,0.4950547160451597
0.4950547160451597,0.17021231919739246
0.17021231919739246,0.5199892198318746
0.5199892198318746,0.45511551652876553
0.45511551652876553,0.4196149293829819
0.4196149293829819,0.3997644889764159
0.3997644889764159,0.4221632781219284
0.4221632781219284,0.571014588070427
0.571014588070427,0.23403077177949003
0.23403077177949003,0.43612139090230245
0.43612139090230245,0.38405531919897046
0.38405531919897046,0.16328148475060097
