speed0,predictedSpeed
0.5769276215527397,0.67979896833611
0.67979896833611,0.5873624745225318
0.5873624745225318,0.6788414954669754
0.6788414954669754,0.6251536455474469
0.6251536455474469,0.7016728061961555
0.7016728061961555,0.5426267768731348
0.5426267768731348,0.4360850979777357
0.4360850979777357,0.6086948191583085
0.6086948191583085,0.6159853814314636
0.6159853814314636,0.45645259062471794
0.45645259062471794,0.6564444303261526
0.6564444303261526,0.6068204916315787
0.6068204916315787,0.38307785188381793
0.38307785188381793,0.5439956492950921
0.5439956492950921,0.5809197684090174
0.5809197684090174,0.6889319145300246
0.6889319145300246,0.6212152975391461
0.6212152975391461,0.5372368004930923
0.5372368004930923,0.5279936964230435
0.5279936964230435,0.5199447165035997
0.5199447165035997,0.61437793956242
0.61437793956242,0.595998728534649
0.595998728534649,0.5274051554417502
0.5274051554417502,0.4963958577245475
0.4963958577245475,0.5886950329452141
0.5886950329452141,0.44720153762081266
0.44720153762081266,0.5004830028221395
0.5004830028221395,0.5199813833552591
0.5199813833552591,0.5726109279036793
0.5726109279036793,0.6991578231428307
0.6991578231428307,0.554381455205029
0.554381455205029,0.5936786329552209
0.5936786329552209,0.6212830226591868
0.6212830226591868,0.5840706844196457
0.5840706844196457,0.5210549930650322
0.5210549930650322,0.627491550942901
0.627491550942901,0.601377859642025
0.601377859642025,0.5777428245854527
0.5777428245854527,0.5949468641789211
0.5949468641789211,0.6472158208117738
0.6472158208117738,0.6624923076923076
0.6624923076923076,0.6911193833812217
0.6911193833812217,0.6521741884500637
0.6521741884500637,0.5206745662178174
0.5206745662178174,0.6130465927653365
0.6130465927653365,0.5096376247574832
0.5096376247574832,0.5609495395052552
0.5609495395052552,0.45221126527669414
0.45221126527669414,0.6604953484403211
0.6604953484403211,0.5315255999955254
0.5315255999955254,0.5373857929313399
0.5373857929313399,0.49603032927110036
0.49603032927110036,0.6440977400858753
0.6440977400858753,0.5150747643205116
0.5150747643205116,0.6124465798724016
0.6124465798724016,0.5422179979330674
0.5422179979330674,0.24775766225961537
0.24775766225961537,0.17010264474959774
0.17010264474959774,0.01903665050998958
0.01903665050998958,0.24152886113119953
