speed0,predictedSpeed
0.48623468796427466,0.5931440554110043
0.5931440554110043,0.6699110927869434
0.6699110927869434,0.5541826520859261
0.5541826520859261,0.5156515501160693
0.5156515501160693,0.6742077820359911
0.6742077820359911,0.731748631641234
0.731748631641234,0.6161368645757016
0.6161368645757016,0.499140519390883
0.499140519390883,0.627452453355584
0.627452453355584,0.676923076923077
0.676923076923077,0.69854461639962
0.69854461639962,0.6323498206093806
0.6323498206093806,0.5573566210588148
0.5573566210588148,0.617378901874504
0.617378901874504,0.6831656753687395
0.6831656753687395,0.6623320988516853
0.6623320988516853,0.6162862881836318
0.6162862881836318,0.5776937203811382
0.5776937203811382,0.45071470946793674
0.45071470946793674,0.5885153846153847
0.5885153846153847,0.7203141966768845
0.7203141966768845,0.5602367772310296
0.5602367772310296,0.6068080495436367
0.6068080495436367,0.6778642619273798
0.6778642619273798,0.667468308840954
0.667468308840954,0.6855127433079393
0.6855127433079393,0.6522137644476795
0.6522137644476795,0.6395820512820514
0.6395820512820514,0.7
0.7,0.6490833765911097
0.6490833765911097,0.5947447668523846
0.5947447668523846,0.6440610619088438
0.6440610619088438,0.5470647495237616
0.5470647495237616,0.5674307692307693
0.5674307692307693,0.7597612871639788
0.7597612871639788,0.6466359869740669
0.6466359869740669,0.6909136923693622
0.6909136923693622,0.7317528679455421
0.7317528679455421,0.6466665769557951
0.6466665769557951,0.6403966664760385
0.6403966664760385,0.6542186537618834
0.6542186537618834,0.6910980014387077
0.6910980014387077,0.759523076923077
0.759523076923077,0.5988429140848457
0.5988429140848457,0.5940970228472638
0.5940970228472638,0.5513090994832281
0.5513090994832281,0.7600977460689545
0.7600977460689545,0.5429693303290043
0.5429693303290043,0.6293432746552777
0.6293432746552777,0.6780897435897436
0.6780897435897436,0.6710157650484344
0.6710157650484344,0.6040230769230769
0.6040230769230769,0.6695461266600277
0.6695461266600277,0.6428113110943277
0.6428113110943277,0.6133281609627488
0.6133281609627488,0.6926568570377555
0.6926568570377555,0.19863915771671925
0.19863915771671925,0.5564684393635809
0.5564684393635809,0.7622314170201666
0.7622314170201666,0.5374605845345269
