speed0,predictedSpeed
0.5787047176879427,0.7078318096296161
0.7078318096296161,0.6279926112733305
0.6279926112733305,0.33321690227566436
0.33321690227566436,0.49905155432525067
0.49905155432525067,0.6178208498849843
0.6178208498849843,0.5591383394356729
0.5591383394356729,0.6578373855495852
0.6578373855495852,0.525088636886891
0.525088636886891,0.504076885316162
0.504076885316162,0.7188203280240898
0.7188203280240898,0.7425730838300034
0.7425730838300034,0.486072172724516
0.486072172724516,0.5680832286895495
0.5680832286895495,0.6104485013946891
0.6104485013946891,0.6911333047582774
0.6911333047582774,0.35935454042279663
0.35935454042279663,0.5749800524626234
0.5749800524626234,0.5516087513262062
0.5516087513262062,0.525236135585394
0.525236135585394,0.6451599492413983
0.6451599492413983,0.5747601723780994
0.5747601723780994,0.7108771533704283
0.7108771533704283,0.6181971935516402
0.6181971935516402,0.5294477062091058
0.5294477062091058,0.5824865245996281
0.5824865245996281,0.6055856269553264
0.6055856269553264,0.48907886335920925
0.48907886335920925,0.558190657459858
0.558190657459858,0.43862419977567324
0.43862419977567324,0.619461325106066
0.619461325106066,0.47073706798380555
0.47073706798380555,0.4616639530588278
0.4616639530588278,0.6149464450516372
0.6149464450516372,0.5654361922867508
0.5654361922867508,0.6527892887559149
0.6527892887559149,0.6435204380037369
0.6435204380037369,0.676923076923077
0.676923076923077,0.5952437658634814
0.5952437658634814,0.4875474486267532
0.4875474486267532,0.3834216109703109
0.3834216109703109,0.6429793707334109
0.6429793707334109,0.5740957941586693
0.5740957941586693,0.5968352030911986
0.5968352030911986,0.48468600654201544
0.48468600654201544,0.6139913077970967
0.6139913077970967,0.5335980046053148
0.5335980046053148,0.6142366487979203
0.6142366487979203,0.5846153846153846
0.5846153846153846,0.5738949635151229
0.5738949635151229,0.4897292855491237
0.4897292855491237,0.4749005339067398
0.4749005339067398,0.5643286999058753
0.5643286999058753,0.6815659445129582
0.6815659445129582,0.5036823839480217
0.5036823839480217,0.5923600677669146
0.5923600677669146,0.4892449722845955
0.4892449722845955,0.5970180610701664
0.5970180610701664,0.6246357713213998
0.6246357713213998,0.636739419781721
0.636739419781721,0.49782759410692323
