speed0,predictedSpeed
0.5620501013805461,0.6090665768100553
0.6090665768100553,0.6973597184432027
0.6973597184432027,0.31879144864614173
0.31879144864614173,0.5827258938942621
0.5827258938942621,0.5598587637565402
0.5598587637565402,0.6903765477785176
0.6903765477785176,0.6055132271020406
0.6055132271020406,0.4872464315944313
0.4872464315944313,0.6907741186311422
0.6907741186311422,0.6021022579430056
0.6021022579430056,0.5605596153846154
0.5605596153846154,0.45721853017700753
0.45721853017700753,0.5637464804278313
0.5637464804278313,0.5068989384953762
0.5068989384953762,0.43916590146043255
0.43916590146043255,0.6015357167810361
0.6015357167810361,0.5509589428618578
0.5509589428618578,0.6133620273004615
0.6133620273004615,0.5738125095280842
0.5738125095280842,0.6018207128010685
0.6018207128010685,0.4599722238430881
0.4599722238430881,0.5770755891338334
0.5770755891338334,0.7832124210650079
0.7832124210650079,0.6089579624356931
0.6089579624356931,0.6073372430241641
0.6073372430241641,0.6717652961491165
0.6717652961491165,0.6282304563566397
0.6282304563566397,0.683328111976702
0.683328111976702,0.5823375369842843
0.5823375369842843,0.5126309776565776
0.5126309776565776,0.6691498508096646
0.6691498508096646,0.6107899609306466
0.6107899609306466,0.6674301155626196
0.6674301155626196,0.6441558909198748
0.6441558909198748,0.5608470266629612
0.5608470266629612,0.45357944718323673
0.45357944718323673,0.5314303693480166
0.5314303693480166,0.5391155205237794
0.5391155205237794,0.6852494339495109
0.6852494339495109,0.4574486671873924
0.4574486671873924,0.5611988758003692
0.5611988758003692,0.48387639945504896
0.48387639945504896,0.642100214062208
0.642100214062208,0.6297653846153847
0.6297653846153847,0.6084571598208538
0.6084571598208538,0.5057329305994902
0.5057329305994902,0.5045941208368976
0.5045941208368976,0.7053758685393984
0.7053758685393984,0.4776373064825503
0.4776373064825503,0.6210673050896374
0.6210673050896374,0.6357961684372009
0.6357961684372009,0.619689797965163
0.619689797965163,0.649579893015114
0.649579893015114,0.3358061494235945
0.3358061494235945,0.3018377578565692
0.3018377578565692,0.29178577551025175
0.29178577551025175,0.4414683979554951
0.4414683979554951,0.5717514277836071
0.5717514277836071,0.009435330904447115
0.009435330904447115,0.31040382774107295
