speed0,predictedSpeed
0.6406930936055564,0.5395401199435075
0.5395401199435075,0.5610203344997727
0.5610203344997727,0.6300516444255523
0.6300516444255523,0.6581835345797541
0.6581835345797541,0.5235176987170042
0.5235176987170042,0.7545846153846154
0.7545846153846154,0.5495063147207147
0.5495063147207147,0.5099839460225334
0.5099839460225334,0.6249920975001055
0.6249920975001055,0.6215430003104837
0.6215430003104837,0.6930654731700059
0.6930654731700059,0.5529008774986801
0.5529008774986801,0.5670334574308474
0.5670334574308474,0.16901843751629855
0.16901843751629855,0.3220614340499217
0.3220614340499217,0.47849040939253495
0.47849040939253495,0.26000214385092363
0.26000214385092363,0.253827869205998
0.253827869205998,0.5976923076923077
0.5976923076923077,0.5976479099291551
0.5976479099291551,0.518821798238972
0.518821798238972,0.5130648522077514
0.5130648522077514,0.49647630918388724
0.49647630918388724,0.6209988577400003
0.6209988577400003,0.6303381591683149
0.6303381591683149,0.5262443559546714
0.5262443559546714,0.5457086666886228
0.5457086666886228,0.37976923076923075
0.37976923076923075,0.5825174144353429
0.5825174144353429,0.6664364016747525
0.6664364016747525,0.5642516874008839
0.5642516874008839,0.5791221847261807
0.5791221847261807,0.5813923624495907
0.5813923624495907,0.5954736063792622
0.5954736063792622,0.6100579154271413
0.6100579154271413,0.547288531091821
0.547288531091821,0.43138790761342505
0.43138790761342505,0.5501745989215245
0.5501745989215245,0.6196807373525071
0.6196807373525071,0.6327939955555888
0.6327939955555888,0.4123076923076923
0.4123076923076923,0.6260379148543289
0.6260379148543289,0.48498367557123206
0.48498367557123206,0.5770050562046111
0.5770050562046111,0.6316555156237292
0.6316555156237292,0.5406293564904644
0.5406293564904644,0.5740954781802924
0.5740954781802924,0.6283872336359024
0.6283872336359024,0.624644155791448
0.624644155791448,0.6869859704822593
0.6869859704822593,0.6615384615384615
0.6615384615384615,0.6544741843465549
0.6544741843465549,0.6034028145277448
0.6034028145277448,0.6527657380811681
0.6527657380811681,0.6116454222248078
0.6116454222248078,0.44010673669747524
0.44010673669747524,0.44809724522760797
0.44809724522760797,0.40970133321277374
0.40970133321277374,0.5846153846153846
0.5846153846153846,0.702002922892574
