speed0,predictedSpeed
0.7171398505115666,0.5430898877236627
0.5430898877236627,0.9692307692307692
0.9692307692307692,0.479028525469802
0.479028525469802,0.6231726058699857
0.6231726058699857,0.49442719136961655
0.49442719136961655,0.607319583335739
0.607319583335739,0.6005061612728416
0.6005061612728416,0.6423873904261941
0.6423873904261941,0.6639983524822111
0.6639983524822111,0.71061704138714
0.71061704138714,0.7250683340577853
0.7250683340577853,0.6102629414757434
0.6102629414757434,0.48185312041802475
0.48185312041802475,0.5639181541033447
0.5639181541033447,0.4229285474176817
0.4229285474176817,0.5292841953233167
0.5292841953233167,0.5219037584621604
0.5219037584621604,0.7400067535368174
0.7400067535368174,0.47610839818461514
0.47610839818461514,0.6678220470647441
0.6678220470647441,0.7325706645418327
0.7325706645418327,0.569421760753065
0.569421760753065,0.6325761122578342
0.6325761122578342,0.688722410165474
0.688722410165474,0.6396290314616319
0.6396290314616319,0.7068532280230263
0.7068532280230263,0.582400937309844
0.582400937309844,0.6490211553677757
0.6490211553677757,0.6736664105529987
0.6736664105529987,0.5724556478967818
0.5724556478967818,0.5733802849797345
0.5733802849797345,0.7537538461538461
0.7537538461538461,0.6090630219608206
0.6090630219608206,0.622084665673853
0.622084665673853,0.5230769230769231
0.5230769230769231,0.626017517249391
0.626017517249391,0.5235146374718668
0.5235146374718668,0.457195986555882
0.457195986555882,0.5974008361360961
0.5974008361360961,0.5521274372008538
0.5521274372008538,0.6246337430586915
0.6246337430586915,0.5790796908722101
0.5790796908722101,0.5241894888826575
0.5241894888826575,0.5973107040060931
0.5973107040060931,0.5824179447104023
0.5824179447104023,0.4658012368719617
0.4658012368719617,0.5429911038790308
0.5429911038790308,0.5737051469683577
0.5737051469683577,0.8152013351745668
0.8152013351745668,0.6508920723474375
0.6508920723474375,0.49093949576170215
0.49093949576170215,0.5388853844862299
0.5388853844862299,0.4107209541142021
0.4107209541142021,0.4823473818249889
0.4823473818249889,0.4529391906427978
0.4529391906427978,0.6341730606050633
0.6341730606050633,0.38098289299152915
0.38098289299152915,0.5774182353348574
0.5774182353348574,0.3475560176526839
0.3475560176526839,0.4619021530187112
