speed0,predictedSpeed
0.6086840865433242,0.5743190918419764
0.5743190918419764,0.49505999300186765
0.49505999300186765,0.5248016171063014
0.5248016171063014,0.6747499477950131
0.6747499477950131,0.7531582177404501
0.7531582177404501,0.6569974772296555
0.6569974772296555,0.6125075901552182
0.6125075901552182,0.767358940128392
0.767358940128392,0.49701697186846727
0.49701697186846727,0.5818651958746074
0.5818651958746074,0.6434843434660438
0.6434843434660438,0.5926286001010718
0.5926286001010718,0.3078442568438343
0.3078442568438343,0.5618152797033459
0.5618152797033459,0.6161063236089542
0.6161063236089542,0.7339855695929689
0.7339855695929689,0.5946683232261312
0.5946683232261312,0.6024652143612611
0.6024652143612611,0.6553747188772711
0.6553747188772711,0.6697269177545615
0.6697269177545615,0.5148569478181473
0.5148569478181473,0.6062928919157321
0.6062928919157321,0.518388747318155
0.518388747318155,0.506349959416197
0.506349959416197,0.5670442684129726
0.5670442684129726,0.5994647473412748
0.5994647473412748,0.6420581025840311
0.6420581025840311,0.6603172363468395
0.6603172363468395,0.5744064757808505
0.5744064757808505,0.5034475145424189
0.5034475145424189,0.782851502755944
0.782851502755944,0.5961203295604613
0.5961203295604613,0.6944753578281325
0.6944753578281325,0.6221504140451443
0.6221504140451443,0.6697713682296877
0.6697713682296877,0.6515147440277507
0.6515147440277507,0.6111797557239139
0.6111797557239139,0.5854691495788696
0.5854691495788696,0.611356359067836
0.611356359067836,0.5517750544789064
0.5517750544789064,0.5110589187667158
0.5110589187667158,0.5902953317511475
0.5902953317511475,0.5948846774248557
0.5948846774248557,0.6388577080754749
0.6388577080754749,0.6074850566456343
0.6074850566456343,0.5024355215943874
0.5024355215943874,0.6660342762163447
0.6660342762163447,0.5717118832139064
0.5717118832139064,0.5239532832464145
0.5239532832464145,0.7317381219391169
0.7317381219391169,0.533810376687267
0.533810376687267,0.5876379817153703
0.5876379817153703,0.639540758358957
0.639540758358957,0.5697762016138631
0.5697762016138631,0.74019725947887
0.74019725947887,0.4963411388194841
0.4963411388194841,0.5441685654203284
0.5441685654203284,0.5837711079031334
0.5837711079031334,0.6301802098229039
0.6301802098229039,0.4167865159886919
