speed0,predictedSpeed
0.532360548238292,0.4826917747060571
0.4826917747060571,0.5233925634829301
0.5233925634829301,0.5577191042165989
0.5577191042165989,0.5922171425431844
0.5922171425431844,0.5968062230061542
0.5968062230061542,0.5617
0.5617,0.5951481825676644
0.5951481825676644,0.6968190078146623
0.6968190078146623,0.5604218323194634
0.5604218323194634,0.6665732785929692
0.6665732785929692,0.44192533842937315
0.44192533842937315,0.7447419280800381
0.7447419280800381,0.6571562344888867
0.6571562344888867,0.4287318820545833
0.4287318820545833,0.7115397767718924
0.7115397767718924,0.6524557426528381
0.6524557426528381,0.6739797844016059
0.6739797844016059,0.6374523696005951
0.6374523696005951,0.5384615384615384
0.5384615384615384,0.595967637877303
0.595967637877303,0.6869616847911081
0.6869616847911081,0.7171235838853217
0.7171235838853217,0.6032989529458789
0.6032989529458789,0.6517123746381043
0.6517123746381043,0.6183119639547858
0.6183119639547858,0.7176332986147643
0.7176332986147643,0.6208320512820513
0.6208320512820513,0.4237993636110512
0.4237993636110512,0.5914730769230768
0.5914730769230768,0.6354467304956749
0.6354467304956749,0.6055750908249514
0.6055750908249514,0.776584811838256
0.776584811838256,0.6340240500583155
0.6340240500583155,0.6203283812480967
0.6203283812480967,0.49720371083252685
0.49720371083252685,0.8706866205488805
0.8706866205488805,0.6180548868454468
0.6180548868454468,0.6411557790504033
0.6411557790504033,0.5891901134238341
0.5891901134238341,0.7585288173204501
0.7585288173204501,0.6511035603173118
0.6511035603173118,0.5761307692307692
0.5761307692307692,0.6687807878043218
0.6687807878043218,0.5355173837111035
0.5355173837111035,0.6263959853242687
0.6263959853242687,0.46995631754081263
0.46995631754081263,0.566224852902094
0.566224852902094,0.5031857051543229
0.5031857051543229,0.6005466170121773
0.6005466170121773,0.6725859897352855
0.6725859897352855,0.6813608519618546
0.6813608519618546,0.6001390449031129
0.6001390449031129,0.6467148366320745
0.6467148366320745,0.6768569022948688
0.6768569022948688,0.6523514439387447
0.6523514439387447,0.5566621581627863
0.5566621581627863,0.7350870754963627
0.7350870754963627,0.710980903608551
0.710980903608551,0.668675394864615
0.668675394864615,0.7028070811379792
