speed0,predictedSpeed
0.4976537953355381,0.5783430306557038
0.5783430306557038,0.5392608750405629
0.5392608750405629,0.4768334728304706
0.4768334728304706,0.5748407461697921
0.5748407461697921,0.6014335741751349
0.6014335741751349,0.4226793997632005
0.4226793997632005,0.4860784161482575
0.4860784161482575,0.666540577115682
0.666540577115682,0.6698634420911018
0.6698634420911018,0.7034224964799671
0.7034224964799671,0.5663170895240854
0.5663170895240854,0.5863037865358831
0.5863037865358831,0.6243511666355734
0.6243511666355734,0.542185930056838
0.542185930056838,0.5660663912387317
0.5660663912387317,0.5783173339192138
0.5783173339192138,0.5979158840870206
0.5979158840870206,0.655784252238333
0.655784252238333,0.763284311177231
0.763284311177231,0.5196518319905088
0.5196518319905088,0.5768992988084172
0.5768992988084172,0.6001433085414785
0.6001433085414785,0.4998292017255471
0.4998292017255471,0.6386044904836173
0.6386044904836173,0.49790160937114625
0.49790160937114625,0.6029572312303689
0.6029572312303689,0.6142798857205619
0.6142798857205619,0.5439055249675249
0.5439055249675249,0.4970169371346961
0.4970169371346961,0.49037783645983624
0.49037783645983624,0.6686568862179926
0.6686568862179926,0.7110574194759408
0.7110574194759408,0.5788691905077178
0.5788691905077178,0.524982735455435
0.524982735455435,0.5268347709590706
0.5268347709590706,0.5256762228441714
0.5256762228441714,0.6112792707222342
0.6112792707222342,0.5772635190806554
0.5772635190806554,0.6171504857025607
0.6171504857025607,0.3288705040264474
0.3288705040264474,0.5940619736133735
0.5940619736133735,0.4677825142321633
0.4677825142321633,0.4768144082218978
0.4768144082218978,0.5574483695774759
0.5574483695774759,0.5804039949012253
0.5804039949012253,0.6418618873180749
0.6418618873180749,0.5990903048058781
0.5990903048058781,0.6420026929631567
0.6420026929631567,0.6186987265355103
0.6186987265355103,0.5791269331618276
0.5791269331618276,0.6604476542892493
0.6604476542892493,0.4675186171742893
0.4675186171742893,0.5353049914077967
0.5353049914077967,0.5601295193303234
0.5601295193303234,0.552552454444542
0.552552454444542,0.6123310677771509
0.6123310677771509,0.5879892030769006
0.5879892030769006,0.4543157312451385
0.4543157312451385,0.6839052343068616
0.6839052343068616,0.4549251023567471
