speed0,predictedSpeed
0.785400954256016,0.7077280734432445
0.7077280734432445,0.5541769786597667
0.5541769786597667,0.6097807096128062
0.6097807096128062,0.49877651293519826
0.49877651293519826,0.7209046307483183
0.7209046307483183,0.49091605245282194
0.49091605245282194,0.6155295401200385
0.6155295401200385,0.6270449570514947
0.6270449570514947,0.5820859843718852
0.5820859843718852,0.6416485179394987
0.6416485179394987,0.5719319850887763
0.5719319850887763,0.6563258438667326
0.6563258438667326,0.5409289753678564
0.5409289753678564,0.6173810533496896
0.6173810533496896,0.6528460112183845
0.6528460112183845,0.5360054456017079
0.5360054456017079,0.7011662877783037
0.7011662877783037,0.55387087265346
0.55387087265346,0.6027336279790353
0.6027336279790353,0.6141409682873984
0.6141409682873984,0.4666345119745521
0.4666345119745521,0.569757544423158
0.569757544423158,0.559012615752112
0.559012615752112,0.6500984204972925
0.6500984204972925,0.6242193608889003
0.6242193608889003,0.4602456699834077
0.4602456699834077,0.5514887980344099
0.5514887980344099,0.5981094919691913
0.5981094919691913,0.6943437088287469
0.6943437088287469,0.6887749474335624
0.6887749474335624,0.5558662629212693
0.5558662629212693,0.5221823156978905
0.5221823156978905,0.6172748809775849
0.6172748809775849,0.6025867320267251
0.6025867320267251,0.5351418298482097
0.5351418298482097,0.6859898794205348
0.6859898794205348,0.5682794100070024
0.5682794100070024,0.6199857242861522
0.6199857242861522,0.6137688721986531
0.6137688721986531,0.6286550229798223
0.6286550229798223,0.4881923310592849
0.4881923310592849,0.7744010951865687
0.7744010951865687,0.5751536295958842
0.5751536295958842,0.6328936194455168
0.6328936194455168,0.5755684442746271
0.5755684442746271,0.7088429093895917
0.7088429093895917,0.6911575325044944
0.6911575325044944,0.5415678572779447
0.5415678572779447,0.547128200399735
0.547128200399735,0.6059182343216837
0.6059182343216837,0.5786417333857876
0.5786417333857876,0.6810247706214786
0.6810247706214786,0.5532827736945163
0.5532827736945163,0.4813503628045602
0.4813503628045602,0.4547099376914825
0.4547099376914825,0.46152038024057085
0.46152038024057085,0.4393018036562529
0.4393018036562529,0.5879142661618989
0.5879142661618989,0.5363499016563357
0.5363499016563357,0.2810215094214292
