speed0,predictedSpeed
0.3394267548099234,0.6463243053603885
0.6463243053603885,0.5935381813419014
0.5935381813419014,0.5480702600357001
0.5480702600357001,0.572823399839046
0.572823399839046,0.48879689248415314
0.48879689248415314,0.605276716472869
0.605276716472869,0.5008861311468114
0.5008861311468114,0.452092017314232
0.452092017314232,0.3916077350023109
0.3916077350023109,0.5282204464707642
0.5282204464707642,0.7761615384615385
0.7761615384615385,0.6122626018430907
0.6122626018430907,0.6084110305580743
0.6084110305580743,0.41202137423038115
0.41202137423038115,0.510073504387004
0.510073504387004,0.48367286762322376
0.48367286762322376,0.4625676672901452
0.4625676672901452,0.20982491184927474
0.20982491184927474,0.3827433967592672
0.3827433967592672,0.42595009281328183
0.42595009281328183,0.4595934559060777
0.4595934559060777,0.20291741518087175
0.20291741518087175,0.2180390600749913
0.2180390600749913,0.47296359483194006
0.47296359483194006,0.5447298430670262
0.5447298430670262,0.6923076923076923
0.6923076923076923,0.316792691122091
0.316792691122091,0.5727576209618007
0.5727576209618007,0.3871960955975424
0.3871960955975424,0.5577512661818474
0.5577512661818474,0.6142163555260213
0.6142163555260213,0.37875622298164763
0.37875622298164763,0.38815301607572117
0.38815301607572117,0.397820687532339
0.397820687532339,0.372618715140704
0.372618715140704,0.5745625421611718
0.5745625421611718,0.45449056960034956
0.45449056960034956,0.39290886771419536
0.39290886771419536,0.2972178045191551
0.2972178045191551,0.5315201377310632
0.5315201377310632,0.22254628525267095
0.22254628525267095,0.5281572468419816
0.5281572468419816,0.6182818249764352
0.6182818249764352,0.4382680961532511
0.4382680961532511,0.4939558991519404
0.4939558991519404,0.5560658230400044
0.5560658230400044,0.4910418300083234
0.4910418300083234,0.5510504116612768
0.5510504116612768,0.49055999003600187
0.49055999003600187,0.5246547988267422
0.5246547988267422,0.49038736601737026
0.49038736601737026,0.32151050402587433
0.32151050402587433,0.4596059687994108
0.4596059687994108,0.3127458246790641
0.3127458246790641,0.4338603665299874
0.4338603665299874,0.20746406577322693
0.20746406577322693,0.06404405251527442
0.06404405251527442,0.2686930652184432
0.2686930652184432,0.07101949937015012
0.07101949937015012,0.21706120248011992
